1 2 34 -1
1 2 35 -1
1 2 36 -1
1 2 37 -1
1 2 38 -1
1 2 39 -1
1 2 40 -1
1 2 41 -1
1 2 42 -1
1 2 43 -1
1 2 44 -1
1 2 45 -1
1 2 46 -1
1 3 47 -1
1 3 48 -1
1 3 49 -1
1 3 50 -1
1 3 51 -1
1 3 52 -1
1 3 53 -1
1 3 54 -1
1 3 55 -1
1 3 56 -1
1 3 57 -1
1 3 58 -1
1 3 59 -1
1 3 60 -1
1 3 61 -1
1 4 61 -1
1 5 61 -1
1 6 61 -1
1 7 61 -1
1 8 61 -1
1 9 61 -1
1 10 61 -1
1 11 61 -1
1 12 61 -1
1 13 61 -1
1 14 61 -1
1 15 61 -1
1 16 61 -1
1 17 61 -1
1 18 61 -1
1 19 61 -1
1 20 60 -1
1 20 61 -1
1 21 61 -1
2 2 34 -1
2 2 35 -1
2 2 36 -1
2 2 37 -1
2 2 38 -1
2 2 39 -1
2 2 40 -1
2 2 41 -1
2 2 42 -1
2 2 43 -1
2 2 44 -1
2 2 45 -1
2 2 46 -1
2 3 47 -1
2 3 48 -1
2 3 49 -1
2 3 50 -1
2 3 51 -1
2 3 52 -1
2 3 53 -1
2 3 54 -1
2 3 55 -1
2 3 56 -1
2 3 57 -1
2 3 58 -1
2 3 59 -1
2 3 60 -1
2 3 61 -1
2 4 61 -1
2 5 61 -1
2 6 61 -1
2 7 61 -1
2 8 61 -1
2 9 61 -1
2 10 61 -1
2 11 61 -1
2 12 61 -1
2 13 61 -1
2 14 61 -1
2 15 61 -1
2 16 61 -1
2 17 61 -1
2 18 61 -1
2 19 61 -1
2 20 60 -1
2 20 61 -1
2 21 61 -1
3 2 34 -1
3 2 35 -1
3 2 36 -1
3 2 37 -1
3 2 38 -1
3 2 39 -1
3 2 40 -1
3 2 41 -1
3 2 42 -1
3 2 43 -1
3 2 44 -1
3 2 45 -1
3 2 46 -1
3 3 47 -1
3 3 48 -1
3 3 49 -1
3 3 50 -1
3 3 51 -1
3 3 52 -1
3 3 53 -1
3 3 54 -1
3 3 55 -1
3 3 56 -1
3 3 57 -1
3 3 58 -1
3 3 59 -1
3 3 60 -1
3 3 61 -1
3 4 61 -1
3 5 61 -1
3 6 61 -1
3 7 61 -1
3 8 61 -1
3 9 61 -1
3 10 61 -1
3 11 61 -1
3 12 61 -1
3 13 61 -1
3 14 61 -1
3 15 61 -1
3 16 61 -1
3 17 61 -1
3 18 61 -1
3 19 61 -1
3 20 60 -1
3 20 61 -1
3 21 61 -1
4 2 34 -1
4 2 35 -1
4 2 36 -1
4 2 37 -1
4 2 38 -1
4 2 39 -1
4 2 40 -1
4 2 41 -1
4 2 42 -1
4 2 43 -1
4 2 44 -1
4 2 45 -1
4 2 46 -1
4 3 47 -1
4 3 48 -1
4 3 49 -1
4 3 50 -1
4 3 51 -1
4 3 52 -1
4 3 53 -1
4 3 54 -1
4 3 55 -1
4 3 56 -1
4 3 57 -1
4 3 58 -1
4 3 59 -1
4 3 60 -1
4 3 61 -1
4 4 61 -1
4 5 61 -1
4 6 61 -1
4 7 61 -1
4 8 61 -1
4 9 61 -1
4 10 61 -1
4 11 61 -1
4 12 61 -1
4 13 61 -1
4 14 61 -1
4 15 61 -1
4 16 61 -1
4 17 61 -1
4 18 61 -1
4 19 61 -1
4 20 60 -1
4 20 61 -1
4 21 61 -1
5 2 34 -1
5 2 35 -1
5 2 36 -1
5 2 37 -1
5 2 38 -1
5 2 39 -1
5 2 40 -1
5 2 41 -1
5 2 42 -1
5 2 43 -1
5 2 44 -1
5 2 45 -1
5 2 46 -1
5 3 47 -1
5 3 48 -1
5 3 49 -1
5 3 50 -1
5 3 51 -1
5 3 52 -1
5 3 53 -1
5 3 54 -1
5 3 55 -1
5 3 56 -1
5 3 57 -1
5 3 58 -1
5 3 59 -1
5 3 60 -1
5 3 61 -1
5 4 61 -1
5 5 61 -1
5 6 61 -1
5 7 61 -1
5 8 61 -1
5 9 61 -1
5 10 61 -1
5 11 61 -1
5 12 61 -1
5 13 61 -1
5 14 61 -1
5 15 61 -1
5 16 61 -1
5 17 61 -1
5 18 61 -1
5 19 61 -1
5 20 60 -1
5 20 61 -1
5 21 61 -1
6 2 34 -1
6 2 35 -1
6 2 36 -1
6 2 37 -1
6 2 38 -1
6 2 39 -1
6 2 40 -1
6 2 41 -1
6 2 42 -1
6 2 43 -1
6 2 44 -1
6 2 45 -1
6 2 46 -1
6 3 47 -1
6 3 48 -1
6 3 49 -1
6 3 50 -1
6 3 51 -1
6 3 52 -1
6 3 53 -1
6 3 54 -1
6 3 55 -1
6 3 56 -1
6 3 57 -1
6 3 58 -1
6 3 59 -1
6 3 60 -1
6 3 61 -1
6 4 61 -1
6 5 61 -1
6 6 61 -1
6 7 61 -1
6 8 61 -1
6 9 61 -1
6 10 61 -1
6 11 61 -1
6 12 61 -1
6 13 61 -1
6 14 61 -1
6 15 61 -1
6 16 61 -1
6 17 61 -1
6 18 61 -1
6 19 61 -1
6 20 60 -1
6 20 61 -1
6 21 61 -1
