1 2 25 1
1 2 26 1
1 2 27 1
1 2 28 1
1 2 29 1
1 2 30 1
1 2 31 1
1 2 32 1
1 2 33 1
1 3 23 1
1 3 24 1
1 4 22 1
1 5 20 1
1 5 21 1
1 6 19 1
1 7 17 1
1 7 18 1
1 8 16 1
1 9 14 1
1 9 15 1
1 10 13 1
1 11 11 1
1 11 12 1
1 12 10 1
1 13 9 1
1 14 9 1
1 15 8 1
1 16 8 1
1 17 7 1
1 18 7 1
1 19 7 1
1 20 6 1
1 21 6 1
1 22 5 1
1 23 5 1
1 24 4 1
1 25 4 1
1 26 3 1
1 27 3 1
1 28 3 1
1 29 2 1
1 30 2 1
1 31 2 1
1 32 2 1
1 33 2 1
1 34 2 1
1 35 2 1
1 36 2 1
1 37 2 1
1 38 2 1
1 39 2 1
1 40 2 1
1 41 2 1
1 42 2 1
1 43 2 1
2 2 25 1
2 2 26 1
2 2 27 1
2 2 28 1
2 2 29 1
2 2 30 1
2 2 31 1
2 2 32 1
2 2 33 1
2 3 23 1
2 3 24 1
2 4 22 1
2 5 20 1
2 5 21 1
2 6 19 1
2 7 17 1
2 7 18 1
2 8 16 1
2 9 14 1
2 9 15 1
2 10 13 1
2 11 11 1
2 11 12 1
2 12 10 1
2 13 9 1
2 14 9 1
2 15 8 1
2 16 8 1
2 17 7 1
2 18 7 1
2 19 7 1
2 20 6 1
2 21 6 1
2 22 5 1
2 23 5 1
2 24 4 1
2 25 4 1
2 26 3 1
2 27 3 1
2 28 3 1
2 29 2 1
2 30 2 1
2 31 2 1
2 32 2 1
2 33 2 1
2 34 2 1
2 35 2 1
2 36 2 1
2 37 2 1
2 38 2 1
2 39 2 1
2 40 2 1
2 41 2 1
2 42 2 1
2 43 2 1
3 2 25 1
3 2 26 1
3 2 27 1
3 2 28 1
3 2 29 1
3 2 30 1
3 2 31 1
3 2 32 1
3 2 33 1
3 3 23 1
3 3 24 1
3 4 22 1
3 5 20 1
3 5 21 1
3 6 19 1
3 7 17 1
3 7 18 1
3 8 16 1
3 9 14 1
3 9 15 1
3 10 13 1
3 11 11 1
3 11 12 1
3 12 10 1
3 13 9 1
3 14 9 1
3 15 8 1
3 16 8 1
3 17 7 1
3 18 7 1
3 19 7 1
3 20 6 1
3 21 6 1
3 22 5 1
3 23 5 1
3 24 4 1
3 25 4 1
3 26 3 1
3 27 3 1
3 28 3 1
3 29 2 1
3 30 2 1
3 31 2 1
3 32 2 1
3 33 2 1
3 34 2 1
3 35 2 1
3 36 2 1
3 37 2 1
3 38 2 1
3 39 2 1
3 40 2 1
3 41 2 1
3 42 2 1
3 43 2 1
4 2 25 1
4 2 26 1
4 2 27 1
4 2 28 1
4 2 29 1
4 2 30 1
4 2 31 1
4 2 32 1
4 2 33 1
4 3 23 1
4 3 24 1
4 4 22 1
4 5 20 1
4 5 21 1
4 6 19 1
4 7 17 1
4 7 18 1
4 8 16 1
4 9 14 1
4 9 15 1
4 10 13 1
4 11 11 1
4 11 12 1
4 12 10 1
4 13 9 1
4 14 9 1
4 15 8 1
4 16 8 1
4 17 7 1
4 18 7 1
4 19 7 1
4 20 6 1
4 21 6 1
4 22 5 1
4 23 5 1
4 24 4 1
4 25 4 1
4 26 3 1
4 27 3 1
4 28 3 1
4 29 2 1
4 30 2 1
4 31 2 1
4 32 2 1
4 33 2 1
4 34 2 1
4 35 2 1
4 36 2 1
4 37 2 1
4 38 2 1
4 39 2 1
4 40 2 1
4 41 2 1
4 42 2 1
4 43 2 1
5 2 25 1
5 2 26 1
5 2 27 1
5 2 28 1
5 2 29 1
5 2 30 1
5 2 31 1
5 2 32 1
5 2 33 1
5 3 23 1
5 3 24 1
5 4 22 1
5 5 20 1
5 5 21 1
5 6 19 1
5 7 17 1
5 7 18 1
5 8 16 1
5 9 14 1
5 9 15 1
5 10 13 1
5 11 11 1
5 11 12 1
5 12 10 1
5 13 9 1
5 14 9 1
5 15 8 1
5 16 8 1
5 17 7 1
5 18 7 1
5 19 7 1
5 20 6 1
5 21 6 1
5 22 5 1
5 23 5 1
5 24 4 1
5 25 4 1
5 26 3 1
5 27 3 1
5 28 3 1
5 29 2 1
5 30 2 1
5 31 2 1
5 32 2 1
5 33 2 1
5 34 2 1
5 35 2 1
5 36 2 1
5 37 2 1
5 38 2 1
5 39 2 1
5 40 2 1
5 41 2 1
5 42 2 1
5 43 2 1
6 2 25 1
6 2 26 1
6 2 27 1
6 2 28 1
6 2 29 1
6 2 30 1
6 2 31 1
6 2 32 1
6 2 33 1
6 3 23 1
6 3 24 1
6 4 22 1
6 5 20 1
6 5 21 1
6 6 19 1
6 7 17 1
6 7 18 1
6 8 16 1
6 9 14 1
6 9 15 1
6 10 13 1
6 11 11 1
6 11 12 1
6 12 10 1
6 13 9 1
6 14 9 1
6 15 8 1
6 16 8 1
6 17 7 1
6 18 7 1
6 19 7 1
6 20 6 1
6 21 6 1
6 22 5 1
6 23 5 1
6 24 4 1
6 25 4 1
6 26 3 1
6 27 3 1
6 28 3 1
6 29 2 1
6 30 2 1
6 31 2 1
6 32 2 1
6 33 2 1
6 34 2 1
6 35 2 1
6 36 2 1
6 37 2 1
6 38 2 1
6 39 2 1
6 40 2 1
6 41 2 1
6 42 2 1
6 43 2 1
