1 17 48 2
1 17 49 2
1 17 50 2
1 17 51 2
1 18 53 2
1 18 54 2
1 19 55 2
1 19 56 2
1 19 57 2
1 20 58 2
1 20 59 2
1 34 24 2
1 34 25 2
1 34 26 2
1 34 27 2
1 34 28 2
1 34 29 2
1 34 30 2
1 34 31 2
1 35 18 2
1 35 19 2
1 35 20 2
1 35 21 2
1 35 22 2
1 35 23 2
1 35 32 2
1 35 33 2
1 36 15 2
1 36 16 2
1 36 17 2
1 36 34 2
1 37 13 2
1 37 14 2
1 37 35 2
1 38 12 2
1 38 36 2
1 39 10 2
1 39 11 2
1 39 37 2
1 40 8 2
1 40 9 2
1 40 38 2
1 41 6 2
1 41 7 2
1 41 39 2
1 42 5 2
1 42 39 2
1 43 3 2
1 43 4 2
1 43 39 2
1 44 2 2
1 44 40 2
1 45 40 2
1 46 40 2
1 47 40 2
1 48 40 2
1 49 40 2
2 17 48 2
2 17 49 2
2 17 50 2
2 17 51 2
2 18 53 2
2 18 54 2
2 19 55 2
2 19 56 2
2 19 57 2
2 20 43 2
2 20 58 2
2 20 59 2
2 21 42 2
2 22 42 2
2 23 41 2
2 24 41 2
2 25 41 2
2 26 40 2
2 27 40 2
2 28 40 2
2 34 24 2
2 34 25 2
2 34 26 2
2 34 27 2
2 34 28 2
2 34 29 2
2 34 30 2
2 34 31 2
2 35 18 2
2 35 19 2
2 35 20 2
2 35 21 2
2 35 22 2
2 35 23 2
2 35 32 2
2 35 33 2
2 36 15 2
2 36 16 2
2 36 17 2
2 36 34 2
2 37 13 2
2 37 14 2
2 37 35 2
2 38 12 2
2 38 36 2
2 39 10 2
2 39 11 2
2 39 37 2
2 40 8 2
2 40 9 2
2 40 38 2
2 41 6 2
2 41 7 2
2 41 39 2
2 42 5 2
2 42 39 2
2 43 3 2
2 43 4 2
2 43 39 2
2 44 2 2
2 44 40 2
2 45 40 2
2 46 40 2
2 46 41 2
2 47 40 2
2 47 41 2
2 48 40 2
2 48 41 2
2 49 40 2
2 49 41 2
3 17 48 2
3 17 49 2
3 17 50 2
3 17 51 2
3 18 53 2
3 18 54 2
3 19 55 2
3 19 56 2
3 19 57 2
3 20 43 2
3 20 58 2
3 20 59 2
3 21 42 2
3 22 42 2
3 23 41 2
3 24 41 2
3 25 41 2
3 26 40 2
3 27 40 2
3 28 40 2
3 34 24 2
3 34 25 2
3 34 26 2
3 34 27 2
3 34 28 2
3 34 29 2
3 34 30 2
3 34 31 2
3 35 18 2
3 35 19 2
3 35 20 2
3 35 21 2
3 35 22 2
3 35 23 2
3 35 32 2
3 35 33 2
3 36 15 2
3 36 16 2
3 36 17 2
3 36 34 2
3 37 13 2
3 37 14 2
3 37 35 2
3 38 12 2
3 38 36 2
3 39 10 2
3 39 11 2
3 39 37 2
3 40 8 2
3 40 9 2
3 40 38 2
3 41 6 2
3 41 7 2
3 41 39 2
3 42 5 2
3 42 39 2
3 43 3 2
3 43 4 2
3 43 39 2
3 44 2 2
3 44 40 2
3 45 40 2
3 46 40 2
3 46 41 2
3 47 40 2
3 47 41 2
3 48 40 2
3 48 41 2
3 49 40 2
3 49 41 2
4 17 48 2
4 17 49 2
4 17 50 2
4 17 51 2
4 18 53 2
4 18 54 2
4 19 55 2
4 19 56 2
4 19 57 2
4 20 43 2
4 20 58 2
4 20 59 2
4 21 42 2
4 22 42 2
4 23 41 2
4 24 41 2
4 25 41 2
4 26 40 2
4 27 40 2
4 28 40 2
4 34 24 2
4 34 25 2
4 34 26 2
4 34 27 2
4 34 28 2
4 34 29 2
4 34 30 2
4 34 31 2
4 35 18 2
4 35 19 2
4 35 20 2
4 35 21 2
4 35 22 2
4 35 23 2
4 35 32 2
4 35 33 2
4 36 15 2
4 36 16 2
4 36 17 2
4 36 34 2
4 37 13 2
4 37 14 2
4 37 35 2
4 38 12 2
4 38 36 2
4 39 10 2
4 39 11 2
4 39 37 2
4 40 8 2
4 40 9 2
4 40 38 2
4 41 6 2
4 41 7 2
4 41 39 2
4 42 5 2
4 42 39 2
4 43 3 2
4 43 4 2
4 43 39 2
4 44 2 2
4 44 40 2
4 45 40 2
4 46 40 2
4 46 41 2
4 47 40 2
4 47 41 2
4 48 40 2
4 48 41 2
4 49 40 2
4 49 41 2
5 17 48 2
5 17 49 2
5 17 50 2
5 17 51 2
5 18 53 2
5 18 54 2
5 19 55 2
5 19 56 2
5 19 57 2
5 20 43 2
5 20 58 2
5 20 59 2
5 21 42 2
5 22 42 2
5 23 41 2
5 24 41 2
5 25 41 2
5 26 40 2
5 27 40 2
5 28 40 2
5 34 24 2
5 34 25 2
5 34 26 2
5 34 27 2
5 34 28 2
5 34 29 2
5 34 30 2
5 34 31 2
5 35 18 2
5 35 19 2
5 35 20 2
5 35 21 2
5 35 22 2
5 35 23 2
5 35 32 2
5 35 33 2
5 36 15 2
5 36 16 2
5 36 17 2
5 36 34 2
5 37 13 2
5 37 14 2
5 37 35 2
5 38 12 2
5 38 36 2
5 39 10 2
5 39 11 2
5 39 37 2
5 40 8 2
5 40 9 2
5 40 38 2
5 41 6 2
5 41 7 2
5 41 39 2
5 42 5 2
5 42 39 2
5 43 3 2
5 43 4 2
5 43 39 2
5 44 2 2
5 44 40 2
5 45 40 2
5 46 40 2
5 46 41 2
5 47 40 2
5 47 41 2
5 48 40 2
5 48 41 2
5 49 40 2
5 49 41 2
6 17 48 2
6 17 49 2
6 17 50 2
6 17 51 2
6 18 53 2
6 18 54 2
6 19 55 2
6 19 56 2
6 19 57 2
6 20 43 2
6 20 58 2
6 20 59 2
6 21 42 2
6 22 42 2
6 23 41 2
6 24 41 2
6 25 41 2
6 26 40 2
6 27 40 2
6 28 40 2
6 34 24 2
6 34 25 2
6 34 26 2
6 34 27 2
6 34 28 2
6 34 29 2
6 34 30 2
6 34 31 2
6 35 18 2
6 35 19 2
6 35 20 2
6 35 21 2
6 35 22 2
6 35 23 2
6 35 32 2
6 35 33 2
6 36 15 2
6 36 16 2
6 36 17 2
6 36 34 2
6 37 13 2
6 37 14 2
6 37 35 2
6 38 12 2
6 38 36 2
6 39 10 2
6 39 11 2
6 39 37 2
6 40 8 2
6 40 9 2
6 40 38 2
6 41 6 2
6 41 7 2
6 41 39 2
6 42 5 2
6 42 39 2
6 43 3 2
6 43 4 2
6 43 39 2
6 44 2 2
6 44 40 2
6 45 40 2
6 46 40 2
6 46 41 2
6 47 40 2
6 47 41 2
6 48 40 2
6 48 41 2
6 49 40 2
6 49 41 2
