8 2 25 13
8 2 26 13
8 2 27 13
8 2 28 13
8 2 29 13
8 2 30 13
8 2 31 13
8 2 32 13
8 2 33 13
8 2 34 13
8 2 35 13
8 2 36 13
8 2 37 13
8 2 38 13
8 2 39 13
8 2 40 13
8 2 41 13
8 2 42 13
8 2 43 13
8 2 44 13
8 2 45 13
8 2 46 13
8 3 23 13
8 3 24 13
8 3 25 13
8 3 26 13
8 3 27 13
8 3 28 13
8 3 29 13
8 3 30 13
8 3 31 13
8 3 32 13
8 3 33 13
8 3 34 13
8 3 35 13
8 3 36 13
8 3 37 13
8 3 38 13
8 3 39 13
8 3 40 13
8 3 41 13
8 3 42 13
8 3 43 13
8 3 44 13
8 3 45 13
8 3 46 13
8 3 47 13
8 3 48 13
8 3 49 13
8 3 50 13
8 3 51 13
8 3 52 13
8 3 53 13
8 3 54 13
8 3 55 13
8 3 56 13
8 3 57 13
8 3 58 13
8 3 59 13
8 3 60 13
8 4 22 13
8 4 23 13
8 4 24 13
8 4 25 13
8 4 26 13
8 4 27 13
8 4 28 13
8 4 29 13
8 4 30 13
8 4 31 13
8 4 32 13
8 4 33 13
8 4 34 13
8 4 35 13
8 4 36 13
8 4 37 13
8 4 38 13
8 4 39 13
8 4 40 13
8 4 41 13
8 4 42 13
8 4 43 13
8 4 44 13
8 4 45 13
8 4 46 13
8 4 47 13
8 4 48 13
8 4 49 13
8 4 50 13
8 4 51 13
8 4 52 13
8 4 53 13
8 4 54 13
8 4 55 13
8 4 56 13
8 4 57 13
8 4 58 13
8 4 59 13
8 4 60 13
8 5 20 13
8 5 21 13
8 5 22 13
8 5 23 13
8 5 24 13
8 5 25 13
8 5 26 13
8 5 27 13
8 5 28 13
8 5 29 13
8 5 30 13
8 5 31 13
8 5 32 13
8 5 33 13
8 5 34 13
8 5 35 13
8 5 36 13
8 5 37 13
8 5 38 13
8 5 39 13
8 5 40 13
8 5 41 13
8 5 42 13
8 5 43 13
8 5 44 13
8 5 45 13
8 5 46 13
8 5 47 13
8 5 48 13
8 5 49 13
8 5 50 13
8 5 51 13
8 5 52 13
8 5 53 13
8 5 54 13
8 5 55 13
8 5 56 13
8 5 57 13
8 5 58 13
8 5 59 13
8 5 60 13
8 6 19 13
8 6 20 13
8 6 21 13
8 6 22 13
8 6 23 13
8 6 24 13
8 6 25 13
8 6 26 13
8 6 27 13
8 6 28 13
8 6 29 13
8 6 30 13
8 6 31 13
8 6 32 13
8 6 33 13
8 6 34 13
8 6 35 13
8 6 36 13
8 6 37 13
8 6 38 13
8 6 39 13
8 6 40 13
8 6 41 13
8 6 42 13
8 6 43 13
8 6 44 13
8 6 45 13
8 6 46 13
8 6 47 13
8 6 48 13
8 6 49 13
8 6 50 13
8 6 51 13
8 6 52 13
8 6 53 13
8 6 54 13
8 6 55 13
8 6 56 13
8 6 57 13
8 6 58 13
8 6 59 13
8 6 60 13
8 7 17 13
8 7 18 13
8 7 19 13
8 7 20 13
8 7 21 13
8 7 22 13
8 7 23 13
8 7 24 13
8 7 25 13
8 7 26 13
8 7 27 13
8 7 28 13
8 7 29 13
8 7 30 13
8 7 31 13
8 7 32 13
8 7 33 13
8 7 34 13
8 7 35 13
8 7 36 13
8 7 37 13
8 7 38 13
8 7 39 13
8 7 40 13
8 7 41 13
8 7 42 13
8 7 43 13
8 7 44 13
8 7 45 13
8 7 46 13
8 7 47 13
8 7 48 13
8 7 49 13
8 7 50 13
8 7 51 13
8 7 52 13
8 7 53 13
8 7 54 13
8 7 55 13
8 7 56 13
8 7 57 13
8 7 58 13
8 7 59 13
8 7 60 13
8 8 16 13
8 8 17 13
8 8 18 13
8 8 19 13
8 8 20 13
8 8 21 13
8 8 22 13
8 8 23 13
8 8 24 13
8 8 25 13
8 8 26 13
8 8 27 13
8 8 28 13
8 8 29 13
8 8 30 13
8 8 31 13
8 8 32 13
8 8 33 13
8 8 34 13
8 8 35 13
8 8 36 13
8 8 37 13
8 8 38 13
8 8 39 13
8 8 40 13
8 8 41 13
8 8 42 13
8 8 43 13
8 8 44 13
8 8 45 13
8 8 46 13
8 8 47 13
8 8 48 13
8 8 49 13
8 8 50 13
8 8 51 13
8 8 52 13
8 8 53 13
8 8 54 13
8 8 55 13
8 8 56 13
8 8 57 13
8 8 58 13
8 8 59 13
8 8 60 13
8 9 14 13
8 9 15 13
8 9 16 13
8 9 17 13
8 9 18 13
8 9 19 13
8 9 20 13
8 9 21 13
8 9 22 13
8 9 23 13
8 9 24 13
8 9 25 13
8 9 26 13
8 9 27 13
8 9 28 13
8 9 29 13
8 9 30 13
8 9 31 13
8 9 32 13
8 9 33 13
8 9 34 13
8 9 35 13
8 9 36 13
8 9 37 13
8 9 38 13
8 9 39 13
8 9 40 13
8 9 41 13
8 9 42 13
8 9 43 13
8 9 44 13
8 9 45 13
8 9 46 13
8 9 47 13
8 9 48 13
8 9 49 13
8 9 50 13
8 9 51 13
8 9 52 13
8 9 53 13
8 9 54 13
8 9 55 13
8 9 56 13
8 9 57 13
8 9 58 13
8 9 59 13
8 9 60 13
8 10 13 13
8 10 14 13
8 10 15 13
8 10 16 13
8 10 17 13
8 10 18 13
8 10 19 13
8 10 20 13
8 10 21 13
8 10 22 13
8 10 23 13
8 10 24 13
8 10 25 13
8 10 26 13
8 10 27 13
8 10 28 13
8 10 29 13
8 10 30 13
8 10 31 13
8 10 32 13
8 10 33 13
8 10 34 13
8 10 35 13
8 10 36 13
8 10 37 13
8 10 38 13
8 10 39 13
8 10 40 13
8 10 41 13
8 10 42 13
8 10 43 13
8 10 44 13
8 10 45 13
8 10 46 13
8 10 47 13
8 10 48 13
8 10 49 13
8 10 50 13
8 10 51 13
8 10 52 13
8 10 53 13
8 10 54 13
8 10 55 13
8 10 56 13
8 10 57 13
8 10 58 13
8 10 59 13
8 10 60 13
8 11 11 13
8 11 12 13
8 11 13 13
8 11 14 13
8 11 15 13
8 11 16 13
8 11 17 13
8 11 18 13
8 11 19 13
8 11 20 13
8 11 21 13
8 11 22 13
8 11 23 13
8 11 24 13
8 11 25 13
8 11 26 13
8 11 27 13
8 11 28 13
8 11 29 13
8 11 30 13
8 11 31 13
8 11 32 13
8 11 33 13
8 11 34 13
8 11 35 13
8 11 36 13
8 11 37 13
8 11 38 13
8 11 39 13
8 11 40 13
8 11 41 13
8 11 42 13
8 11 43 13
8 11 44 13
8 11 45 13
8 11 46 13
8 11 47 13
8 11 48 13
8 11 49 13
8 11 50 13
8 11 51 13
8 11 52 13
8 11 53 13
8 11 54 13
8 11 55 13
8 11 56 13
8 11 57 13
8 11 58 13
8 11 59 13
8 11 60 13
8 12 10 13
8 12 11 13
8 12 12 13
8 12 13 13
8 12 14 13
8 12 15 13
8 12 16 13
8 12 17 13
8 12 18 13
8 12 19 13
8 12 20 13
8 12 21 13
8 12 22 13
8 12 23 13
8 12 24 13
8 12 25 13
8 12 26 13
8 12 27 13
8 12 28 13
8 12 29 13
8 12 30 13
8 12 31 13
8 12 32 13
8 12 33 13
8 12 34 13
8 12 35 13
8 12 36 13
8 12 37 13
8 12 38 13
8 12 39 13
8 12 40 13
8 12 41 13
8 12 42 13
8 12 43 13
8 12 44 13
8 12 45 13
8 12 46 13
8 12 47 13
8 12 48 13
8 12 49 13
8 12 50 13
8 12 51 13
8 12 52 13
8 12 53 13
8 12 54 13
8 12 55 13
8 12 56 13
8 12 57 13
8 12 58 13
8 12 59 13
8 12 60 13
8 13 9 13
8 13 10 13
8 13 11 13
8 13 12 13
8 13 13 13
8 13 14 13
8 13 15 13
8 13 16 13
8 13 17 13
8 13 18 13
8 13 19 13
8 13 20 13
8 13 21 13
8 13 22 13
8 13 23 13
8 13 24 13
8 13 25 13
8 13 26 13
8 13 27 13
8 13 28 13
8 13 29 13
8 13 30 13
8 13 31 13
8 13 32 13
8 13 33 13
8 13 34 13
8 13 35 13
8 13 36 13
8 13 37 13
8 13 38 13
8 13 39 13
8 13 40 13
8 13 41 13
8 13 42 13
8 13 43 13
8 13 44 13
8 13 45 13
8 13 46 13
8 13 47 13
8 13 48 13
8 13 49 13
8 13 50 13
8 13 51 13
8 13 52 13
8 13 53 13
8 13 54 13
8 13 55 13
8 13 56 13
8 13 57 13
8 13 58 13
8 13 59 13
8 13 60 13
8 14 9 13
8 14 10 13
8 14 11 13
8 14 12 13
8 14 13 13
8 14 14 13
8 14 15 13
8 14 16 13
8 14 17 13
8 14 18 13
8 14 19 13
8 14 20 13
8 14 21 13
8 14 22 13
8 14 23 13
8 14 24 13
8 14 25 13
8 14 26 13
8 14 27 13
8 14 28 13
8 14 29 13
8 14 30 13
8 14 31 13
8 14 32 13
8 14 33 13
8 14 34 13
8 14 35 13
8 14 36 13
8 14 37 13
8 14 38 13
8 14 39 13
8 14 40 13
8 14 41 13
8 14 42 13
8 14 43 13
8 14 44 13
8 14 45 13
8 14 46 13
8 14 47 13
8 14 48 13
8 14 49 13
8 14 50 13
8 14 51 13
8 14 52 13
8 14 53 13
8 14 54 13
8 14 55 13
8 14 56 13
8 14 57 13
8 14 58 13
8 14 59 13
8 14 60 13
8 15 8 13
8 15 9 13
8 15 10 13
8 15 11 13
8 15 12 13
8 15 13 13
8 15 14 13
8 15 15 13
8 15 16 13
8 15 17 13
8 15 18 13
8 15 19 13
8 15 20 13
8 15 21 13
8 15 22 13
8 15 23 13
8 15 24 13
8 15 25 13
8 15 26 13
8 15 27 13
8 15 28 13
8 15 29 13
8 15 30 13
8 15 31 13
8 15 32 13
8 15 33 13
8 15 34 13
8 15 35 13
8 15 36 13
8 15 37 13
8 15 38 13
8 15 39 13
8 15 40 13
8 15 41 13
8 15 42 13
8 15 43 13
8 15 44 13
8 15 45 13
8 15 46 13
8 15 47 13
8 15 48 13
8 15 49 13
8 15 50 13
8 15 51 13
8 15 52 13
8 15 53 13
8 15 54 13
8 15 55 13
8 15 56 13
8 15 57 13
8 15 58 13
8 15 59 13
8 15 60 13
8 16 8 13
8 16 9 13
8 16 10 13
8 16 11 13
8 16 12 13
8 16 13 13
8 16 14 13
8 16 15 13
8 16 16 13
8 16 17 13
8 16 18 13
8 16 19 13
8 16 20 13
8 16 21 13
8 16 22 13
8 16 23 13
8 16 24 13
8 16 25 13
8 16 26 13
8 16 27 13
8 16 28 13
8 16 29 13
8 16 30 13
8 16 31 13
8 16 32 13
8 16 33 13
8 16 34 13
8 16 35 13
8 16 36 13
8 16 37 13
8 16 38 13
8 16 39 13
8 16 40 13
8 16 41 13
8 16 42 13
8 16 43 13
8 16 44 13
8 16 45 13
8 16 46 13
8 16 47 13
8 16 48 13
8 16 49 13
8 16 50 13
8 16 51 13
8 16 52 13
8 16 53 13
8 16 54 13
8 16 55 13
8 16 56 13
8 16 57 13
8 16 58 13
8 16 59 13
8 16 60 13
8 17 7 13
8 17 8 13
8 17 9 13
8 17 10 13
8 17 11 13
8 17 12 13
8 17 13 13
8 17 14 13
8 17 15 13
8 17 16 13
8 17 17 13
8 17 18 13
8 17 19 13
8 17 20 13
8 17 21 13
8 17 22 13
8 17 23 13
8 17 24 13
8 17 25 13
8 17 26 13
8 17 27 13
8 17 28 13
8 17 29 13
8 17 30 13
8 17 31 13
8 17 32 13
8 17 33 13
8 17 34 13
8 17 35 13
8 17 36 13
8 17 37 13
8 17 38 13
8 17 39 13
8 17 40 13
8 17 41 13
8 17 42 13
8 17 43 13
8 17 44 13
8 17 45 13
8 17 46 13
8 17 47 13
8 17 48 13
8 17 49 13
8 17 50 13
8 17 51 13
8 17 52 13
8 17 53 13
8 17 54 13
8 17 55 13
8 17 56 13
8 17 57 13
8 17 58 13
8 17 59 13
8 17 60 13
8 17 61 13
8 18 7 13
8 18 8 13
8 18 9 13
8 18 10 13
8 18 11 13
8 18 12 13
8 18 13 13
8 18 14 13
8 18 15 13
8 18 16 13
8 18 17 13
8 18 18 13
8 18 19 13
8 18 20 13
8 18 21 13
8 18 22 13
8 18 23 13
8 18 24 13
8 18 25 13
8 18 26 13
8 18 27 13
8 18 28 13
8 18 29 13
8 18 30 13
8 18 31 13
8 18 32 13
8 18 33 13
8 18 34 13
8 18 35 13
8 18 36 13
8 18 37 13
8 18 38 13
8 18 39 13
8 18 40 13
8 18 41 13
8 18 42 13
8 18 43 13
8 18 44 13
8 18 53 13
8 18 54 13
8 18 55 13
8 18 56 13
8 18 57 13
8 18 58 13
8 18 59 13
8 18 60 13
8 18 61 13
8 19 7 13
8 19 8 13
8 19 9 13
8 19 10 13
8 19 11 13
8 19 12 13
8 19 13 13
8 19 14 13
8 19 15 13
8 19 16 13
8 19 17 13
8 19 18 13
8 19 19 13
8 19 20 13
8 19 21 13
8 19 22 13
8 19 23 13
8 19 24 13
8 19 25 13
8 19 26 13
8 19 27 13
8 19 28 13
8 19 29 13
8 19 30 13
8 19 31 13
8 19 32 13
8 19 33 13
8 19 34 13
8 19 35 13
8 19 36 13
8 19 37 13
8 19 38 13
8 19 39 13
8 19 40 13
8 19 41 13
8 19 42 13
8 19 43 13
8 19 55 13
8 19 56 13
8 19 57 13
8 19 58 13
8 19 59 13
8 19 60 13
8 19 61 13
8 20 6 13
8 20 7 13
8 20 8 13
8 20 9 13
8 20 10 13
8 20 11 13
8 20 12 13
8 20 13 13
8 20 14 13
8 20 15 13
8 20 16 13
8 20 17 13
8 20 18 13
8 20 19 13
8 20 20 13
8 20 21 13
8 20 22 13
8 20 23 13
8 20 24 13
8 20 25 13
8 20 26 13
8 20 27 13
8 20 28 13
8 20 29 13
8 20 30 13
8 20 31 13
8 20 32 13
8 20 33 13
8 20 34 13
8 20 35 13
8 20 36 13
8 20 37 13
8 20 38 13
8 20 39 13
8 20 40 13
8 20 41 13
8 20 42 13
8 20 43 13
8 20 59 13
8 20 60 13
8 20 61 13
8 21 6 13
8 21 7 13
8 21 8 13
8 21 9 13
8 21 10 13
8 21 11 13
8 21 12 13
8 21 13 13
8 21 14 13
8 21 15 13
8 21 16 13
8 21 17 13
8 21 18 13
8 21 19 13
8 21 20 13
8 21 21 13
8 21 22 13
8 21 23 13
8 21 24 13
8 21 25 13
8 21 26 13
8 21 27 13
8 21 28 13
8 21 29 13
8 21 30 13
8 21 31 13
8 21 32 13
8 21 33 13
8 21 34 13
8 21 35 13
8 21 36 13
8 21 37 13
8 21 38 13
8 21 39 13
8 21 40 13
8 21 41 13
8 21 42 13
8 21 61 13
8 22 5 13
8 22 6 13
8 22 7 13
8 22 8 13
8 22 9 13
8 22 10 13
8 22 11 13
8 22 12 13
8 22 13 13
8 22 14 13
8 22 15 13
8 22 16 13
8 22 17 13
8 22 18 13
8 22 19 13
8 22 20 13
8 22 21 13
8 22 22 13
8 22 23 13
8 22 24 13
8 22 25 13
8 22 26 13
8 22 27 13
8 22 28 13
8 22 29 13
8 22 30 13
8 22 31 13
8 22 32 13
8 22 33 13
8 22 34 13
8 22 35 13
8 22 36 13
8 22 37 13
8 22 38 13
8 22 39 13
8 22 40 13
8 22 41 13
8 22 42 13
8 23 5 13
8 23 6 13
8 23 7 13
8 23 8 13
8 23 9 13
8 23 10 13
8 23 11 13
8 23 12 13
8 23 13 13
8 23 14 13
8 23 15 13
8 23 16 13
8 23 17 13
8 23 18 13
8 23 19 13
8 23 20 13
8 23 21 13
8 23 22 13
8 23 23 13
8 23 24 13
8 23 25 13
8 23 26 13
8 23 27 13
8 23 28 13
8 23 29 13
8 23 30 13
8 23 31 13
8 23 32 13
8 23 33 13
8 23 34 13
8 23 35 13
8 23 36 13
8 23 37 13
8 23 38 13
8 24 4 13
8 24 5 13
8 24 6 13
8 24 7 13
8 24 8 13
8 24 9 13
8 24 10 13
8 24 11 13
8 24 12 13
8 24 13 13
8 24 14 13
8 24 15 13
8 24 16 13
8 24 17 13
8 24 18 13
8 24 19 13
8 24 20 13
8 24 21 13
8 24 22 13
8 24 23 13
8 24 24 13
8 24 25 13
8 24 26 13
8 24 27 13
8 24 28 13
8 24 29 13
8 24 30 13
8 24 31 13
8 24 32 13
8 24 33 13
8 24 34 13
8 24 35 13
8 24 36 13
8 24 37 13
8 25 4 13
8 25 5 13
8 25 6 13
8 25 7 13
8 25 8 13
8 25 9 13
8 25 10 13
8 25 11 13
8 25 12 13
8 25 13 13
8 25 14 13
8 25 15 13
8 25 16 13
8 25 17 13
8 25 18 13
8 25 19 13
8 25 20 13
8 25 21 13
8 25 22 13
8 25 23 13
8 25 24 13
8 25 25 13
8 25 26 13
8 25 27 13
8 25 28 13
8 25 29 13
8 25 30 13
8 25 31 13
8 25 32 13
8 26 3 13
8 26 4 13
8 26 5 13
8 26 6 13
8 26 7 13
8 26 8 13
8 26 9 13
8 26 10 13
8 26 11 13
8 26 12 13
8 26 13 13
8 26 14 13
8 26 15 13
8 26 16 13
8 26 17 13
8 26 18 13
8 26 19 13
8 26 20 13
8 26 21 13
8 26 22 13
8 26 23 13
8 26 24 13
8 26 25 13
8 26 26 13
8 26 27 13
8 26 28 13
8 26 29 13
8 27 3 13
8 27 4 13
8 27 5 13
8 27 6 13
8 27 7 13
8 27 8 13
8 27 9 13
8 27 10 13
8 27 11 13
8 27 12 13
8 27 13 13
8 27 14 13
8 27 15 13
8 27 16 13
8 27 17 13
8 27 18 13
8 27 19 13
8 27 20 13
8 27 21 13
8 27 22 13
8 27 23 13
8 27 24 13
8 27 25 13
8 28 3 13
8 28 4 13
8 28 5 13
8 28 6 13
8 28 7 13
8 28 8 13
8 28 9 13
8 28 10 13
8 28 11 13
8 28 12 13
8 28 13 13
8 28 14 13
8 28 15 13
8 28 16 13
8 28 17 13
8 28 18 13
8 28 19 13
8 28 20 13
8 28 21 13
8 28 22 13
8 29 2 13
8 29 3 13
8 29 4 13
8 29 5 13
8 29 6 13
8 29 7 13
8 29 8 13
8 29 9 13
8 29 10 13
8 29 11 13
8 29 12 13
8 29 13 13
8 29 14 13
8 29 15 13
8 29 16 13
8 29 17 13
8 29 18 13
8 29 19 13
8 29 20 13
8 30 2 13
8 30 3 13
8 30 4 13
8 30 5 13
8 30 6 13
8 30 7 13
8 30 8 13
8 30 9 13
8 30 10 13
8 30 11 13
8 30 12 13
8 30 13 13
8 30 14 13
8 30 15 13
8 30 16 13
8 30 17 13
8 30 18 13
8 31 2 13
8 31 3 13
8 31 4 13
8 31 5 13
8 31 6 13
8 31 7 13
8 31 8 13
8 31 9 13
8 31 10 13
8 31 11 13
8 31 12 13
8 31 13 13
8 31 14 13
8 31 15 13
8 31 16 13
8 31 17 13
8 32 2 13
8 32 3 13
8 32 4 13
8 32 5 13
8 32 6 13
8 32 7 13
8 32 8 13
8 32 9 13
8 32 10 13
8 32 11 13
8 32 12 13
8 32 13 13
8 32 14 13
8 32 15 13
8 33 2 13
8 33 3 13
8 33 4 13
8 33 5 13
8 33 6 13
8 33 7 13
8 33 8 13
8 33 9 13
8 33 10 13
8 33 11 13
8 33 12 13
8 34 2 13
8 34 3 13
8 34 4 13
8 34 5 13
8 34 6 13
8 34 7 13
8 34 8 13
8 34 9 13
8 34 10 13
8 35 2 13
8 35 3 13
8 35 4 13
8 35 5 13
8 35 6 13
8 35 7 13
8 35 8 13
8 35 9 13
8 36 2 13
8 36 3 13
8 36 4 13
8 36 5 13
8 36 6 13
8 37 2 13
8 37 3 13
8 37 4 13
8 38 2 13
