1 2 25 1.0
1 2 26 1.0
1 2 27 1.0
1 2 28 1.0
1 2 29 1.0
1 2 30 1.0
1 2 31 1.0
1 2 32 1.0
1 2 33 1.0
1 3 23 1.0
1 3 24 1.0
1 4 22 1.0
1 5 20 1.0
1 5 21 1.0
1 6 19 1.0
1 7 17 1.0
1 7 18 1.0
1 8 16 1.0
1 9 14 1.0
1 9 15 1.0
1 10 13 1.0
1 11 11 1.0
1 11 12 1.0
1 12 10 1.0
1 13 9 1.0
1 14 9 1.0
1 15 8 1.0
1 16 8 1.0
1 17 7 1.0
1 18 7 1.0
1 19 7 1.0
1 20 6 1.0
1 21 6 1.0
1 22 5 1.0
1 23 5 1.0
1 24 4 1.0
1 25 4 1.0
1 26 3 1.0
1 27 3 1.0
1 28 3 1.0
1 29 2 1.0
1 30 2 1.0
1 31 2 1.0
1 32 2 1.0
1 33 2 1.0
1 34 2 1.0
1 35 2 1.0
1 36 2 1.0
1 37 2 1.0
1 38 2 1.0
1 39 2 1.0
1 40 2 1.0
1 41 2 1.0
1 42 2 1.0
1 43 2 1.0
2 2 25 1.0
2 2 26 1.0
2 2 27 1.0
2 2 28 1.0
2 2 29 1.0
2 2 30 1.0
2 2 31 1.0
2 2 32 1.0
2 2 33 1.0
2 3 23 1.0
2 3 24 1.0
2 4 22 1.0
2 5 20 1.0
2 5 21 1.0
2 6 19 1.0
2 7 17 1.0
2 7 18 1.0
2 8 16 1.0
2 9 14 1.0
2 9 15 1.0
2 10 13 1.0
2 11 11 1.0
2 11 12 1.0
2 12 10 1.0
2 13 9 1.0
2 14 9 1.0
2 15 8 1.0
2 16 8 1.0
2 17 7 1.0
2 18 7 1.0
2 19 7 1.0
2 20 6 1.0
2 21 6 1.0
2 22 5 1.0
2 23 5 1.0
2 24 4 1.0
2 25 4 1.0
2 26 3 1.0
2 27 3 1.0
2 28 3 1.0
2 29 2 1.0
2 30 2 1.0
2 31 2 1.0
2 32 2 1.0
2 33 2 1.0
2 34 2 1.0
2 35 2 1.0
2 36 2 1.0
2 37 2 1.0
2 38 2 1.0
2 39 2 1.0
2 40 2 1.0
2 41 2 1.0
2 42 2 1.0
2 43 2 1.0
3 2 25 1.0
3 2 26 1.0
3 2 27 1.0
3 2 28 1.0
3 2 29 1.0
3 2 30 1.0
3 2 31 1.0
3 2 32 1.0
3 2 33 1.0
3 3 23 1.0
3 3 24 1.0
3 4 22 1.0
3 5 20 1.0
3 5 21 1.0
3 6 19 1.0
3 7 17 1.0
3 7 18 1.0
3 8 16 1.0
3 9 14 1.0
3 9 15 1.0
3 10 13 1.0
3 11 11 1.0
3 11 12 1.0
3 12 10 1.0
3 13 9 1.0
3 14 9 1.0
3 15 8 1.0
3 16 8 1.0
3 17 7 1.0
3 18 7 1.0
3 19 7 1.0
3 20 6 1.0
3 21 6 1.0
3 22 5 1.0
3 23 5 1.0
3 24 4 1.0
3 25 4 1.0
3 26 3 1.0
3 27 3 1.0
3 28 3 1.0
3 29 2 1.0
3 30 2 1.0
3 31 2 1.0
3 32 2 1.0
3 33 2 1.0
3 34 2 1.0
3 35 2 1.0
3 36 2 1.0
3 37 2 1.0
3 38 2 1.0
3 39 2 1.0
3 40 2 1.0
3 41 2 1.0
3 42 2 1.0
3 43 2 1.0
4 2 25 1.0
4 2 26 1.0
4 2 27 1.0
4 2 28 1.0
4 2 29 1.0
4 2 30 1.0
4 2 31 1.0
4 2 32 1.0
4 2 33 1.0
4 3 23 1.0
4 3 24 1.0
4 4 22 1.0
4 5 20 1.0
4 5 21 1.0
4 6 19 1.0
4 7 17 1.0
4 7 18 1.0
4 8 16 1.0
4 9 14 1.0
4 9 15 1.0
4 10 13 1.0
4 11 11 1.0
4 11 12 1.0
4 12 10 1.0
4 13 9 1.0
4 14 9 1.0
4 15 8 1.0
4 16 8 1.0
4 17 7 1.0
4 18 7 1.0
4 19 7 1.0
4 20 6 1.0
4 21 6 1.0
4 22 5 1.0
4 23 5 1.0
4 24 4 1.0
4 25 4 1.0
4 26 3 1.0
4 27 3 1.0
4 28 3 1.0
4 29 2 1.0
4 30 2 1.0
4 31 2 1.0
4 32 2 1.0
4 33 2 1.0
4 34 2 1.0
4 35 2 1.0
4 36 2 1.0
4 37 2 1.0
4 38 2 1.0
4 39 2 1.0
4 40 2 1.0
4 41 2 1.0
4 42 2 1.0
4 43 2 1.0
5 2 25 1.0
5 2 26 1.0
5 2 27 1.0
5 2 28 1.0
5 2 29 1.0
5 2 30 1.0
5 2 31 1.0
5 2 32 1.0
5 2 33 1.0
5 3 23 1.0
5 3 24 1.0
5 4 22 1.0
5 5 20 1.0
5 5 21 1.0
5 6 19 1.0
5 7 17 1.0
5 7 18 1.0
5 8 16 1.0
5 9 14 1.0
5 9 15 1.0
5 10 13 1.0
5 11 11 1.0
5 11 12 1.0
5 12 10 1.0
5 13 9 1.0
5 14 9 1.0
5 15 8 1.0
5 16 8 1.0
5 17 7 1.0
5 18 7 1.0
5 19 7 1.0
5 20 6 1.0
5 21 6 1.0
5 22 5 1.0
5 23 5 1.0
5 24 4 1.0
5 25 4 1.0
5 26 3 1.0
5 27 3 1.0
5 28 3 1.0
5 29 2 1.0
5 30 2 1.0
5 31 2 1.0
5 32 2 1.0
5 33 2 1.0
5 34 2 1.0
5 35 2 1.0
5 36 2 1.0
5 37 2 1.0
5 38 2 1.0
5 39 2 1.0
5 40 2 1.0
5 41 2 1.0
5 42 2 1.0
5 43 2 1.0
6 2 25 1.0
6 2 26 1.0
6 2 27 1.0
6 2 28 1.0
6 2 29 1.0
6 2 30 1.0
6 2 31 1.0
6 2 32 1.0
6 2 33 1.0
6 3 23 1.0
6 3 24 1.0
6 4 22 1.0
6 5 20 1.0
6 5 21 1.0
6 6 19 1.0
6 7 17 1.0
6 7 18 1.0
6 8 16 1.0
6 9 14 1.0
6 9 15 1.0
6 10 13 1.0
6 11 11 1.0
6 11 12 1.0
6 12 10 1.0
6 13 9 1.0
6 14 9 1.0
6 15 8 1.0
6 16 8 1.0
6 17 7 1.0
6 18 7 1.0
6 19 7 1.0
6 20 6 1.0
6 21 6 1.0
6 22 5 1.0
6 23 5 1.0
6 24 4 1.0
6 25 4 1.0
6 26 3 1.0
6 27 3 1.0
6 28 3 1.0
6 29 2 1.0
6 30 2 1.0
6 31 2 1.0
6 32 2 1.0
6 33 2 1.0
6 34 2 1.0
6 35 2 1.0
6 36 2 1.0
6 37 2 1.0
6 38 2 1.0
6 39 2 1.0
6 40 2 1.0
6 41 2 1.0
6 42 2 1.0
6 43 2 1.0
