1 17 48 2.0
1 17 49 2.0
1 17 50 2.0
1 17 51 2.0
1 18 53 2.0
1 18 54 2.0
1 19 55 2.0
1 19 56 2.0
1 19 57 2.0
1 20 58 2.0
1 20 59 2.0
1 34 24 2.0
1 34 25 2.0
1 34 26 2.0
1 34 27 2.0
1 34 28 2.0
1 34 29 2.0
1 34 30 2.0
1 34 31 2.0
1 35 18 2.0
1 35 19 2.0
1 35 20 2.0
1 35 21 2.0
1 35 22 2.0
1 35 23 2.0
1 35 32 2.0
1 35 33 2.0
1 36 15 2.0
1 36 16 2.0
1 36 17 2.0
1 36 34 2.0
1 37 13 2.0
1 37 14 2.0
1 37 35 2.0
1 38 12 2.0
1 38 36 2.0
1 39 10 2.0
1 39 11 2.0
1 39 37 2.0
1 40 8 2.0
1 40 9 2.0
1 40 38 2.0
1 41 6 2.0
1 41 7 2.0
1 41 39 2.0
1 42 5 2.0
1 42 39 2.0
1 43 3 2.0
1 43 4 2.0
1 43 39 2.0
1 44 2 2.0
1 44 40 2.0
1 45 40 2.0
1 46 40 2.0
1 47 40 2.0
1 48 40 2.0
1 49 40 2.0
2 17 48 2.0
2 17 49 2.0
2 17 50 2.0
2 17 51 2.0
2 18 53 2.0
2 18 54 2.0
2 19 55 2.0
2 19 56 2.0
2 19 57 2.0
2 20 43 2.0
2 20 58 2.0
2 20 59 2.0
2 21 42 2.0
2 22 42 2.0
2 23 41 2.0
2 24 41 2.0
2 25 41 2.0
2 26 40 2.0
2 27 40 2.0
2 28 40 2.0
2 34 24 2.0
2 34 25 2.0
2 34 26 2.0
2 34 27 2.0
2 34 28 2.0
2 34 29 2.0
2 34 30 2.0
2 34 31 2.0
2 35 18 2.0
2 35 19 2.0
2 35 20 2.0
2 35 21 2.0
2 35 22 2.0
2 35 23 2.0
2 35 32 2.0
2 35 33 2.0
2 36 15 2.0
2 36 16 2.0
2 36 17 2.0
2 36 34 2.0
2 37 13 2.0
2 37 14 2.0
2 37 35 2.0
2 38 12 2.0
2 38 36 2.0
2 39 10 2.0
2 39 11 2.0
2 39 37 2.0
2 40 8 2.0
2 40 9 2.0
2 40 38 2.0
2 41 6 2.0
2 41 7 2.0
2 41 39 2.0
2 42 5 2.0
2 42 39 2.0
2 43 3 2.0
2 43 4 2.0
2 43 39 2.0
2 44 2 2.0
2 44 40 2.0
2 45 40 2.0
2 46 40 2.0
2 46 41 2.0
2 47 40 2.0
2 47 41 2.0
2 48 40 2.0
2 48 41 2.0
2 49 40 2.0
2 49 41 2.0
3 17 48 2.0
3 17 49 2.0
3 17 50 2.0
3 17 51 2.0
3 18 53 2.0
3 18 54 2.0
3 19 55 2.0
3 19 56 2.0
3 19 57 2.0
3 20 43 2.0
3 20 58 2.0
3 20 59 2.0
3 21 42 2.0
3 22 42 2.0
3 23 41 2.0
3 24 41 2.0
3 25 41 2.0
3 26 40 2.0
3 27 40 2.0
3 28 40 2.0
3 34 24 2.0
3 34 25 2.0
3 34 26 2.0
3 34 27 2.0
3 34 28 2.0
3 34 29 2.0
3 34 30 2.0
3 34 31 2.0
3 35 18 2.0
3 35 19 2.0
3 35 20 2.0
3 35 21 2.0
3 35 22 2.0
3 35 23 2.0
3 35 32 2.0
3 35 33 2.0
3 36 15 2.0
3 36 16 2.0
3 36 17 2.0
3 36 34 2.0
3 37 13 2.0
3 37 14 2.0
3 37 35 2.0
3 38 12 2.0
3 38 36 2.0
3 39 10 2.0
3 39 11 2.0
3 39 37 2.0
3 40 8 2.0
3 40 9 2.0
3 40 38 2.0
3 41 6 2.0
3 41 7 2.0
3 41 39 2.0
3 42 5 2.0
3 42 39 2.0
3 43 3 2.0
3 43 4 2.0
3 43 39 2.0
3 44 2 2.0
3 44 40 2.0
3 45 40 2.0
3 46 40 2.0
3 46 41 2.0
3 47 40 2.0
3 47 41 2.0
3 48 40 2.0
3 48 41 2.0
3 49 40 2.0
3 49 41 2.0
4 17 48 2.0
4 17 49 2.0
4 17 50 2.0
4 17 51 2.0
4 18 53 2.0
4 18 54 2.0
4 19 55 2.0
4 19 56 2.0
4 19 57 2.0
4 20 43 2.0
4 20 58 2.0
4 20 59 2.0
4 21 42 2.0
4 22 42 2.0
4 23 41 2.0
4 24 41 2.0
4 25 41 2.0
4 26 40 2.0
4 27 40 2.0
4 28 40 2.0
4 34 24 2.0
4 34 25 2.0
4 34 26 2.0
4 34 27 2.0
4 34 28 2.0
4 34 29 2.0
4 34 30 2.0
4 34 31 2.0
4 35 18 2.0
4 35 19 2.0
4 35 20 2.0
4 35 21 2.0
4 35 22 2.0
4 35 23 2.0
4 35 32 2.0
4 35 33 2.0
4 36 15 2.0
4 36 16 2.0
4 36 17 2.0
4 36 34 2.0
4 37 13 2.0
4 37 14 2.0
4 37 35 2.0
4 38 12 2.0
4 38 36 2.0
4 39 10 2.0
4 39 11 2.0
4 39 37 2.0
4 40 8 2.0
4 40 9 2.0
4 40 38 2.0
4 41 6 2.0
4 41 7 2.0
4 41 39 2.0
4 42 5 2.0
4 42 39 2.0
4 43 3 2.0
4 43 4 2.0
4 43 39 2.0
4 44 2 2.0
4 44 40 2.0
4 45 40 2.0
4 46 40 2.0
4 46 41 2.0
4 47 40 2.0
4 47 41 2.0
4 48 40 2.0
4 48 41 2.0
4 49 40 2.0
4 49 41 2.0
5 17 48 2.0
5 17 49 2.0
5 17 50 2.0
5 17 51 2.0
5 18 53 2.0
5 18 54 2.0
5 19 55 2.0
5 19 56 2.0
5 19 57 2.0
5 20 43 2.0
5 20 58 2.0
5 20 59 2.0
5 21 42 2.0
5 22 42 2.0
5 23 41 2.0
5 24 41 2.0
5 25 41 2.0
5 26 40 2.0
5 27 40 2.0
5 28 40 2.0
5 34 24 2.0
5 34 25 2.0
5 34 26 2.0
5 34 27 2.0
5 34 28 2.0
5 34 29 2.0
5 34 30 2.0
5 34 31 2.0
5 35 18 2.0
5 35 19 2.0
5 35 20 2.0
5 35 21 2.0
5 35 22 2.0
5 35 23 2.0
5 35 32 2.0
5 35 33 2.0
5 36 15 2.0
5 36 16 2.0
5 36 17 2.0
5 36 34 2.0
5 37 13 2.0
5 37 14 2.0
5 37 35 2.0
5 38 12 2.0
5 38 36 2.0
5 39 10 2.0
5 39 11 2.0
5 39 37 2.0
5 40 8 2.0
5 40 9 2.0
5 40 38 2.0
5 41 6 2.0
5 41 7 2.0
5 41 39 2.0
5 42 5 2.0
5 42 39 2.0
5 43 3 2.0
5 43 4 2.0
5 43 39 2.0
5 44 2 2.0
5 44 40 2.0
5 45 40 2.0
5 46 40 2.0
5 46 41 2.0
5 47 40 2.0
5 47 41 2.0
5 48 40 2.0
5 48 41 2.0
5 49 40 2.0
5 49 41 2.0
6 17 48 2.0
6 17 49 2.0
6 17 50 2.0
6 17 51 2.0
6 18 53 2.0
6 18 54 2.0
6 19 55 2.0
6 19 56 2.0
6 19 57 2.0
6 20 43 2.0
6 20 58 2.0
6 20 59 2.0
6 21 42 2.0
6 22 42 2.0
6 23 41 2.0
6 24 41 2.0
6 25 41 2.0
6 26 40 2.0
6 27 40 2.0
6 28 40 2.0
6 34 24 2.0
6 34 25 2.0
6 34 26 2.0
6 34 27 2.0
6 34 28 2.0
6 34 29 2.0
6 34 30 2.0
6 34 31 2.0
6 35 18 2.0
6 35 19 2.0
6 35 20 2.0
6 35 21 2.0
6 35 22 2.0
6 35 23 2.0
6 35 32 2.0
6 35 33 2.0
6 36 15 2.0
6 36 16 2.0
6 36 17 2.0
6 36 34 2.0
6 37 13 2.0
6 37 14 2.0
6 37 35 2.0
6 38 12 2.0
6 38 36 2.0
6 39 10 2.0
6 39 11 2.0
6 39 37 2.0
6 40 8 2.0
6 40 9 2.0
6 40 38 2.0
6 41 6 2.0
6 41 7 2.0
6 41 39 2.0
6 42 5 2.0
6 42 39 2.0
6 43 3 2.0
6 43 4 2.0
6 43 39 2.0
6 44 2 2.0
6 44 40 2.0
6 45 40 2.0
6 46 40 2.0
6 46 41 2.0
6 47 40 2.0
6 47 41 2.0
6 48 40 2.0
6 48 41 2.0
6 49 40 2.0
6 49 41 2.0
