1 2 34 0.01
1 2 35 0.01
1 2 36 0.01
1 2 37 0.01
1 2 38 0.01
1 2 39 0.01
1 2 40 0.01
1 2 41 0.01
1 2 42 0.01
1 2 43 0.01
1 2 44 0.01
1 2 45 0.01
1 2 46 0.01
1 3 47 0.01
1 3 48 0.01
1 3 49 0.01
1 3 50 0.01
1 3 51 0.01
1 3 52 0.01
1 3 53 0.01
1 3 54 0.01
1 3 55 0.01
1 3 56 0.01
1 3 57 0.01
1 3 58 0.01
1 3 59 0.01
1 3 60 0.01
1 3 61 0.01
1 4 61 0.01
1 5 61 0.01
1 6 61 0.01
1 7 61 0.01
1 8 61 0.01
1 9 61 0.01
1 10 61 0.01
1 11 61 0.01
1 12 61 0.01
1 13 61 0.01
1 14 61 0.01
1 15 61 0.01
1 16 61 0.01
1 17 61 0.01
1 18 61 0.01
1 19 61 0.01
1 20 60 0.01
1 20 61 0.01
1 21 61 0.01
2 2 34 0.01
2 2 35 0.01
2 2 36 0.01
2 2 37 0.01
2 2 38 0.01
2 2 39 0.01
2 2 40 0.01
2 2 41 0.01
2 2 42 0.01
2 2 43 0.01
2 2 44 0.01
2 2 45 0.01
2 2 46 0.01
2 3 47 0.01
2 3 48 0.01
2 3 49 0.01
2 3 50 0.01
2 3 51 0.01
2 3 52 0.01
2 3 53 0.01
2 3 54 0.01
2 3 55 0.01
2 3 56 0.01
2 3 57 0.01
2 3 58 0.01
2 3 59 0.01
2 3 60 0.01
2 3 61 0.01
2 4 61 0.01
2 5 61 0.01
2 6 61 0.01
2 7 61 0.01
2 8 61 0.01
2 9 61 0.01
2 10 61 0.01
2 11 61 0.01
2 12 61 0.01
2 13 61 0.01
2 14 61 0.01
2 15 61 0.01
2 16 61 0.01
2 17 61 0.01
2 18 61 0.01
2 19 61 0.01
2 20 60 0.01
2 20 61 0.01
2 21 61 0.01
3 2 34 0.01
3 2 35 0.01
3 2 36 0.01
3 2 37 0.01
3 2 38 0.01
3 2 39 0.01
3 2 40 0.01
3 2 41 0.01
3 2 42 0.01
3 2 43 0.01
3 2 44 0.01
3 2 45 0.01
3 2 46 0.01
3 3 47 0.01
3 3 48 0.01
3 3 49 0.01
3 3 50 0.01
3 3 51 0.01
3 3 52 0.01
3 3 53 0.01
3 3 54 0.01
3 3 55 0.01
3 3 56 0.01
3 3 57 0.01
3 3 58 0.01
3 3 59 0.01
3 3 60 0.01
3 3 61 0.01
3 4 61 0.01
3 5 61 0.01
3 6 61 0.01
3 7 61 0.01
3 8 61 0.01
3 9 61 0.01
3 10 61 0.01
3 11 61 0.01
3 12 61 0.01
3 13 61 0.01
3 14 61 0.01
3 15 61 0.01
3 16 61 0.01
3 17 61 0.01
3 18 61 0.01
3 19 61 0.01
3 20 60 0.01
3 20 61 0.01
3 21 61 0.01
4 2 34 0.01
4 2 35 0.01
4 2 36 0.01
4 2 37 0.01
4 2 38 0.01
4 2 39 0.01
4 2 40 0.01
4 2 41 0.01
4 2 42 0.01
4 2 43 0.01
4 2 44 0.01
4 2 45 0.01
4 2 46 0.01
4 3 47 0.01
4 3 48 0.01
4 3 49 0.01
4 3 50 0.01
4 3 51 0.01
4 3 52 0.01
4 3 53 0.01
4 3 54 0.01
4 3 55 0.01
4 3 56 0.01
4 3 57 0.01
4 3 58 0.01
4 3 59 0.01
4 3 60 0.01
4 3 61 0.01
4 4 61 0.01
4 5 61 0.01
4 6 61 0.01
4 7 61 0.01
4 8 61 0.01
4 9 61 0.01
4 10 61 0.01
4 11 61 0.01
4 12 61 0.01
4 13 61 0.01
4 14 61 0.01
4 15 61 0.01
4 16 61 0.01
4 17 61 0.01
4 18 61 0.01
4 19 61 0.01
4 20 60 0.01
4 20 61 0.01
4 21 61 0.01
5 2 34 0.01
5 2 35 0.01
5 2 36 0.01
5 2 37 0.01
5 2 38 0.01
5 2 39 0.01
5 2 40 0.01
5 2 41 0.01
5 2 42 0.01
5 2 43 0.01
5 2 44 0.01
5 2 45 0.01
5 2 46 0.01
5 3 47 0.01
5 3 48 0.01
5 3 49 0.01
5 3 50 0.01
5 3 51 0.01
5 3 52 0.01
5 3 53 0.01
5 3 54 0.01
5 3 55 0.01
5 3 56 0.01
5 3 57 0.01
5 3 58 0.01
5 3 59 0.01
5 3 60 0.01
5 3 61 0.01
5 4 61 0.01
5 5 61 0.01
5 6 61 0.01
5 7 61 0.01
5 8 61 0.01
5 9 61 0.01
5 10 61 0.01
5 11 61 0.01
5 12 61 0.01
5 13 61 0.01
5 14 61 0.01
5 15 61 0.01
5 16 61 0.01
5 17 61 0.01
5 18 61 0.01
5 19 61 0.01
5 20 60 0.01
5 20 61 0.01
5 21 61 0.01
6 2 34 0.01
6 2 35 0.01
6 2 36 0.01
6 2 37 0.01
6 2 38 0.01
6 2 39 0.01
6 2 40 0.01
6 2 41 0.01
6 2 42 0.01
6 2 43 0.01
6 2 44 0.01
6 2 45 0.01
6 2 46 0.01
6 3 47 0.01
6 3 48 0.01
6 3 49 0.01
6 3 50 0.01
6 3 51 0.01
6 3 52 0.01
6 3 53 0.01
6 3 54 0.01
6 3 55 0.01
6 3 56 0.01
6 3 57 0.01
6 3 58 0.01
6 3 59 0.01
6 3 60 0.01
6 3 61 0.01
6 4 61 0.01
6 5 61 0.01
6 6 61 0.01
6 7 61 0.01
6 8 61 0.01
6 9 61 0.01
6 10 61 0.01
6 11 61 0.01
6 12 61 0.01
6 13 61 0.01
6 14 61 0.01
6 15 61 0.01
6 16 61 0.01
6 17 61 0.01
6 18 61 0.01
6 19 61 0.01
6 20 60 0.01
6 20 61 0.01
6 21 61 0.01
