1 3 48 8.593999862670898 625
1 3 60 8.656000137329102 625
1 3 61 8.630000114440918 625
1 4 47 8.619000434875488 625
1 4 58 8.718000411987305 625
1 4 59 8.628000259399414 625
1 5 47 8.581000328063965 625
1 5 56 8.753999710083008 625
1 5 57 8.713000297546387 625
1 6 46 8.579000473022461 625
1 6 54 8.831000328063965 625
1 6 55 8.779000282287598 625
1 7 46 8.579999923706055 625
1 7 52 8.895000457763672 625
1 7 53 8.657999992370605 625
1 8 46 8.527999877929688 625
1 8 50 9.54699993133545 625
1 8 51 8.647000312805176 625
1 8 61 5.823999881744385 625
1 9 14 7.0229997634887695 625
1 9 46 8.522000312805176 625
1 9 48 9.11299991607666 625
1 9 49 8.907999992370605 625
1 9 56 5.964000225067139 625
1 9 57 5.9079999923706055 625
1 9 58 5.890999794006348 625
1 9 59 5.875 625
1 9 60 5.918000221252441 625
1 10 14 6.958000183105469 625
1 10 15 6.9029998779296875 625
1 10 45 8.437999725341797 625
1 10 46 8.506999969482422 625
1 10 47 9.234999656677246 625
1 10 54 6.11899995803833 625
1 10 55 6.074999809265137 625
1 11 16 6.875999927520752 625
1 11 17 6.815000057220459 625
1 11 45 8.463000297546387 625
1 11 52 6.2210001945495605 625
1 11 53 6.151000022888184 625
1 12 18 9.401000022888184 625
1 12 19 6.882999897003174 625
1 12 20 6.771999835968018 625
1 12 21 6.830999851226807 625
1 12 45 8.288999557495117 625
1 12 50 6.27400016784668 625
1 12 51 6.269000053405762 625
1 13 22 6.835999965667725 625
1 13 45 7.923999786376953 625
1 13 46 6.418000221252441 625
1 13 47 6.355999946594238 625
1 13 48 6.318999767303467 625
1 13 49 6.310999870300293 625
1 14 23 6.9629998207092285 625
1 14 24 6.834000110626221 625
1 14 44 10.27400016784668 625
1 14 46 6.421999931335449 625
1 15 25 6.804999828338623 625
1 15 44 9.894000053405762 625
1 15 45 6.448999881744385 625
1 16 26 6.809000015258789 625
1 16 43 8.553000450134277 625
1 16 45 6.552000045776367 625
1 17 27 6.745999813079834 625
1 17 40 6.533999919891357 625
1 17 41 6.502999782562256 625
1 17 42 6.5229997634887695 625
1 17 43 6.5229997634887695 625
1 17 44 6.48199987411499 625
1 17 45 6.493000030517578 625
1 18 28 6.718999862670898 625
1 18 39 6.539000034332275 625
1 19 29 6.7270002365112305 625
1 19 30 6.7220001220703125 625
1 19 38 6.551000118255615 625
1 20 31 6.693999767303467 625
1 20 32 6.690999984741211 625
1 20 37 6.550000190734863 625
1 21 33 6.677000045776367 625
1 21 37 6.552999973297119 625
1 22 33 6.622000217437744 625
1 22 36 6.52400016784668 625
1 23 34 8.4350004196167 625
1 23 35 6.578999996185303 625
1 23 36 6.559999942779541 625
1 23 37 6.559999942779541 625
1 24 36 6.525000095367432 625
1 24 37 6.611000061035156 625
1 25 35 6.570000171661377 625
1 26 35 6.547999858856201 625
1 27 35 6.609000205993652 625
1 28 34 6.553999900817871 625
1 29 32 7.046000003814697 625
1 29 33 6.576000213623047 625
1 29 34 6.625999927520752 625
1 29 35 7.189000129699707 625
1 29 36 7.150000095367432 625
1 29 37 7.3470001220703125 625
1 30 29 7.133999824523926 625
1 30 30 7.099999904632568 625
1 30 31 7.089000225067139 625
1 30 34 7.158999919891357 625
1 30 35 7.130000114440918 625
1 30 37 7.329999923706055 625
1 31 26 7.211999893188477 625
1 31 27 7.163000106811523 625
1 31 28 7.140999794006348 625
1 31 37 7.335000038146973 625
1 32 18 7.389999866485596 625
1 32 19 7.388999938964844 625
1 32 20 7.36299991607666 625
1 32 21 7.359000205993652 625
1 32 22 7.4029998779296875 625
1 32 23 7.283999919891357 625
1 32 24 7.26200008392334 625
1 32 25 7.229000091552734 625
1 32 36 7.650000095367432 625
1 32 37 7.418000221252441 625
1 33 18 7.4120001792907715 625
1 33 36 7.734000205993652 625
1 34 16 7.413000106811523 625
1 34 17 7.453999996185303 625
1 35 15 7.432000160217285 625
1 36 13 7.478000164031982 625
1 36 14 7.504000186920166 625
1 37 11 7.504000186920166 625
1 37 12 7.46999979019165 625
1 38 10 7.50600004196167 625
1 39 2 7.678999900817871 625
1 39 9 7.556000232696533 625
1 40 3 7.616000175476074 625
1 40 4 7.550000190734863 625
1 40 5 7.579999923706055 625
1 40 6 7.552999973297119 625
1 40 7 7.566999912261963 625
1 40 8 7.535999774932861 625
