1 40 121 2
1 40 122 2
1 41 114 2
1 41 115 2
1 41 116 2
1 41 117 2
1 41 118 2
1 41 119 2
1 41 120 2
1 41 123 2
1 41 124 2
1 41 125 2
1 42 126 2
1 42 127 2
1 42 128 2
1 43 129 2
1 43 130 2
1 43 131 2
1 44 132 2
1 44 133 2
1 44 134 2
1 45 135 2
1 45 136 2
1 45 137 2
1 46 138 2
1 46 139 2
1 46 140 2
1 47 141 2
1 47 142 2
1 48 143 2
1 48 144 2
1 48 145 2
1 49 146 2
1 49 147 2
1 49 148 2
1 50 149 2
1 50 150 2
1 84 58 2
1 84 59 2
1 84 60 2
1 84 61 2
1 84 62 2
1 84 63 2
1 84 64 2
1 84 65 2
1 84 66 2
1 84 67 2
1 84 68 2
1 84 69 2
1 84 70 2
1 84 71 2
1 84 72 2
1 84 73 2
1 84 74 2
1 84 75 2
1 85 52 2
1 85 53 2
1 85 54 2
1 85 55 2
1 85 56 2
1 85 57 2
1 85 76 2
1 85 77 2
1 86 47 2
1 86 48 2
1 86 49 2
1 86 50 2
1 86 51 2
1 86 78 2
1 87 41 2
1 87 42 2
1 87 43 2
1 87 44 2
1 87 45 2
1 87 46 2
1 87 79 2
1 87 80 2
1 88 37 2
1 88 38 2
1 88 39 2
1 88 40 2
1 88 81 2
1 88 82 2
1 89 35 2
1 89 36 2
1 89 83 2
1 89 84 2
1 90 34 2
1 90 85 2
1 91 32 2
1 91 33 2
1 91 86 2
1 92 30 2
1 92 31 2
1 92 86 2
1 93 28 2
1 93 29 2
1 93 87 2
1 94 27 2
1 94 88 2
1 95 25 2
1 95 26 2
1 95 89 2
1 96 23 2
1 96 24 2
1 96 90 2
1 97 21 2
1 97 22 2
1 97 90 2
1 98 20 2
1 98 91 2
1 99 18 2
1 99 19 2
1 99 92 2
1 100 16 2
1 100 17 2
1 100 93 2
1 101 15 2
1 101 94 2
1 102 13 2
1 102 14 2
1 102 94 2
1 103 11 2
1 103 12 2
1 103 95 2
1 104 9 2
1 104 10 2
1 104 95 2
1 105 8 2
1 105 95 2
1 106 6 2
1 106 7 2
1 106 95 2
1 107 1 2
1 107 4 2
1 107 5 2
1 107 95 2
1 108 1 2
1 108 2 2
1 108 3 2
1 108 95 2
1 109 1 2
1 109 96 2
1 110 96 2
1 111 96 2
1 112 96 2
1 113 96 2
1 114 96 2
1 115 96 2
1 116 96 2
1 117 96 2
1 118 96 2
1 119 96 2
1 120 96 2
1 121 96 2
1 121 97 2
1 121 98 2
2 40 121 2
2 40 122 2
2 41 114 2
2 41 115 2
2 41 116 2
2 41 117 2
2 41 118 2
2 41 119 2
2 41 120 2
2 41 123 2
2 41 124 2
2 41 125 2
2 42 126 2
2 42 127 2
2 42 128 2
2 43 129 2
2 43 130 2
2 43 131 2
2 44 108 2
2 44 132 2
2 44 133 2
2 44 134 2
2 45 107 2
2 45 135 2
2 45 136 2
2 45 137 2
2 46 107 2
2 46 138 2
2 46 139 2
2 46 140 2
2 47 106 2
2 47 141 2
2 47 142 2
2 48 106 2
2 48 143 2
2 48 144 2
2 48 145 2
2 49 105 2
2 49 146 2
2 49 147 2
2 49 148 2
2 50 105 2
2 50 149 2
2 50 150 2
2 51 104 2
2 52 104 2
2 53 103 2
2 54 103 2
2 55 102 2
2 56 102 2
2 57 102 2
2 58 101 2
2 59 101 2
2 60 101 2
2 61 100 2
2 62 100 2
2 63 100 2
2 64 99 2
2 65 99 2
2 66 99 2
2 67 99 2
2 68 99 2
2 69 99 2
2 70 99 2
2 71 99 2
2 72 99 2
2 73 99 2
2 74 100 2
2 75 100 2
2 76 100 2
2 77 100 2
2 78 100 2
2 79 101 2
2 80 101 2
2 81 101 2
2 84 58 2
2 84 59 2
2 84 60 2
2 84 61 2
2 84 62 2
2 84 63 2
2 84 64 2
2 84 65 2
2 84 66 2
2 84 67 2
2 84 68 2
2 84 69 2
2 84 70 2
2 84 71 2
2 84 72 2
2 84 73 2
2 84 74 2
2 84 75 2
2 85 52 2
2 85 53 2
2 85 54 2
2 85 55 2
2 85 56 2
2 85 57 2
2 85 76 2
2 85 77 2
2 86 47 2
2 86 48 2
2 86 49 2
2 86 50 2
2 86 51 2
2 86 78 2
2 87 41 2
2 87 42 2
2 87 43 2
2 87 44 2
2 87 45 2
2 87 46 2
2 87 79 2
2 87 80 2
2 88 37 2
2 88 38 2
2 88 39 2
2 88 40 2
2 88 81 2
2 88 82 2
2 89 35 2
2 89 36 2
2 89 83 2
2 89 84 2
2 90 34 2
2 90 85 2
2 91 32 2
2 91 33 2
2 91 86 2
2 92 30 2
2 92 31 2
2 92 86 2
2 93 28 2
2 93 29 2
2 93 87 2
2 94 27 2
2 94 88 2
2 95 25 2
2 95 26 2
2 95 89 2
2 96 23 2
2 96 24 2
2 96 90 2
2 97 21 2
2 97 22 2
2 97 90 2
2 98 20 2
2 98 91 2
2 99 18 2
2 99 19 2
2 99 92 2
2 100 16 2
2 100 17 2
2 100 93 2
2 101 15 2
2 101 94 2
2 102 13 2
2 102 14 2
2 102 94 2
2 103 11 2
2 103 12 2
2 103 95 2
2 104 9 2
2 104 10 2
2 104 95 2
2 105 8 2
2 105 95 2
2 106 6 2
2 106 7 2
2 106 95 2
2 107 1 2
2 107 4 2
2 107 5 2
2 107 95 2
2 108 1 2
2 108 2 2
2 108 3 2
2 108 95 2
2 109 1 2
2 109 96 2
2 110 96 2
2 111 96 2
2 112 96 2
2 113 96 2
2 114 96 2
2 115 96 2
2 116 96 2
2 117 96 2
2 118 96 2
2 118 101 2
2 119 96 2
2 119 101 2
2 120 96 2
2 120 101 2
2 121 96 2
2 121 97 2
2 121 98 2
2 121 99 2
2 121 100 2
2 121 101 2
3 40 121 2
3 40 122 2
3 41 114 2
3 41 115 2
3 41 116 2
3 41 117 2
3 41 118 2
3 41 119 2
3 41 120 2
3 41 123 2
3 41 124 2
3 41 125 2
3 42 126 2
3 42 127 2
3 42 128 2
3 43 129 2
3 43 130 2
3 43 131 2
3 44 108 2
3 44 132 2
3 44 133 2
3 44 134 2
3 45 107 2
3 45 135 2
3 45 136 2
3 45 137 2
3 46 107 2
3 46 138 2
3 46 139 2
3 46 140 2
3 47 106 2
3 47 141 2
3 47 142 2
3 48 106 2
3 48 143 2
3 48 144 2
3 48 145 2
3 49 105 2
3 49 146 2
3 49 147 2
3 49 148 2
3 50 105 2
3 50 149 2
3 50 150 2
3 51 104 2
3 52 104 2
3 53 103 2
3 54 103 2
3 55 102 2
3 56 102 2
3 57 102 2
3 58 101 2
3 59 101 2
3 60 101 2
3 61 100 2
3 62 100 2
3 63 100 2
3 64 99 2
3 65 99 2
3 66 99 2
3 67 99 2
3 68 99 2
3 69 99 2
3 70 99 2
3 71 99 2
3 72 99 2
3 73 99 2
3 74 100 2
3 75 100 2
3 76 100 2
3 77 100 2
3 78 100 2
3 79 101 2
3 80 101 2
3 81 101 2
3 84 58 2
3 84 59 2
3 84 60 2
3 84 61 2
3 84 62 2
3 84 63 2
3 84 64 2
3 84 65 2
3 84 66 2
3 84 67 2
3 84 68 2
3 84 69 2
3 84 70 2
3 84 71 2
3 84 72 2
3 84 73 2
3 84 74 2
3 84 75 2
3 85 52 2
3 85 53 2
3 85 54 2
3 85 55 2
3 85 56 2
3 85 57 2
3 85 76 2
3 85 77 2
3 86 47 2
3 86 48 2
3 86 49 2
3 86 50 2
3 86 51 2
3 86 78 2
3 87 41 2
3 87 42 2
3 87 43 2
3 87 44 2
3 87 45 2
3 87 46 2
3 87 79 2
3 87 80 2
3 88 37 2
3 88 38 2
3 88 39 2
3 88 40 2
3 88 81 2
3 88 82 2
3 89 35 2
3 89 36 2
3 89 83 2
3 89 84 2
3 90 34 2
3 90 85 2
3 91 32 2
3 91 33 2
3 91 86 2
3 92 30 2
3 92 31 2
3 92 86 2
3 93 28 2
3 93 29 2
3 93 87 2
3 94 27 2
3 94 88 2
3 95 25 2
3 95 26 2
3 95 89 2
3 96 23 2
3 96 24 2
3 96 90 2
3 97 21 2
3 97 22 2
3 97 90 2
3 98 20 2
3 98 91 2
3 99 18 2
3 99 19 2
3 99 92 2
3 100 16 2
3 100 17 2
3 100 93 2
3 101 15 2
3 101 94 2
3 102 13 2
3 102 14 2
3 102 94 2
3 103 11 2
3 103 12 2
3 103 95 2
3 104 9 2
3 104 10 2
3 104 95 2
3 105 8 2
3 105 95 2
3 106 6 2
3 106 7 2
3 106 95 2
3 107 1 2
3 107 4 2
3 107 5 2
3 107 95 2
3 108 1 2
3 108 2 2
3 108 3 2
3 108 95 2
3 109 1 2
3 109 96 2
3 110 96 2
3 111 96 2
3 112 96 2
3 113 96 2
3 114 96 2
3 115 96 2
3 116 96 2
3 117 96 2
3 118 96 2
3 118 101 2
3 119 96 2
3 119 101 2
3 120 96 2
3 120 101 2
3 121 96 2
3 121 97 2
3 121 98 2
3 121 99 2
3 121 100 2
3 121 101 2
4 40 121 2
4 40 122 2
4 41 114 2
4 41 115 2
4 41 116 2
4 41 117 2
4 41 118 2
4 41 119 2
4 41 120 2
4 41 123 2
4 41 124 2
4 41 125 2
4 42 126 2
4 42 127 2
4 42 128 2
4 43 129 2
4 43 130 2
4 43 131 2
4 44 108 2
4 44 132 2
4 44 133 2
4 44 134 2
4 45 107 2
4 45 135 2
4 45 136 2
4 45 137 2
4 46 107 2
4 46 138 2
4 46 139 2
4 46 140 2
4 47 106 2
4 47 141 2
4 47 142 2
4 48 106 2
4 48 143 2
4 48 144 2
4 48 145 2
4 49 105 2
4 49 146 2
4 49 147 2
4 49 148 2
4 50 105 2
4 50 149 2
4 50 150 2
4 51 104 2
4 52 104 2
4 53 103 2
4 54 103 2
4 55 102 2
4 56 102 2
4 57 102 2
4 58 101 2
4 59 101 2
4 60 101 2
4 61 100 2
4 62 100 2
4 63 100 2
4 64 99 2
4 65 99 2
4 66 99 2
4 67 99 2
4 68 99 2
4 69 99 2
4 70 99 2
4 71 99 2
4 72 99 2
4 73 99 2
4 74 100 2
4 75 100 2
4 76 100 2
4 77 100 2
4 78 100 2
4 79 101 2
4 80 101 2
4 81 101 2
4 84 58 2
4 84 59 2
4 84 60 2
4 84 61 2
4 84 62 2
4 84 63 2
4 84 64 2
4 84 65 2
4 84 66 2
4 84 67 2
4 84 68 2
4 84 69 2
4 84 70 2
4 84 71 2
4 84 72 2
4 84 73 2
4 84 74 2
4 84 75 2
4 85 52 2
4 85 53 2
4 85 54 2
4 85 55 2
4 85 56 2
4 85 57 2
4 85 76 2
4 85 77 2
4 86 47 2
4 86 48 2
4 86 49 2
4 86 50 2
4 86 51 2
4 86 78 2
4 87 41 2
4 87 42 2
4 87 43 2
4 87 44 2
4 87 45 2
4 87 46 2
4 87 79 2
4 87 80 2
4 88 37 2
4 88 38 2
4 88 39 2
4 88 40 2
4 88 81 2
4 88 82 2
4 89 35 2
4 89 36 2
4 89 83 2
4 89 84 2
4 90 34 2
4 90 85 2
4 91 32 2
4 91 33 2
4 91 86 2
4 92 30 2
4 92 31 2
4 92 86 2
4 93 28 2
4 93 29 2
4 93 87 2
4 94 27 2
4 94 88 2
4 95 25 2
4 95 26 2
4 95 89 2
4 96 23 2
4 96 24 2
4 96 90 2
4 97 21 2
4 97 22 2
4 97 90 2
4 98 20 2
4 98 91 2
4 99 18 2
4 99 19 2
4 99 92 2
4 100 16 2
4 100 17 2
4 100 93 2
4 101 15 2
4 101 94 2
4 102 13 2
4 102 14 2
4 102 94 2
4 103 11 2
4 103 12 2
4 103 95 2
4 104 9 2
4 104 10 2
4 104 95 2
4 105 8 2
4 105 95 2
4 106 6 2
4 106 7 2
4 106 95 2
4 107 1 2
4 107 4 2
4 107 5 2
4 107 95 2
4 108 1 2
4 108 2 2
4 108 3 2
4 108 95 2
4 109 1 2
4 109 96 2
4 110 96 2
4 111 96 2
4 112 96 2
4 113 96 2
4 114 96 2
4 115 96 2
4 116 96 2
4 117 96 2
4 118 96 2
4 118 101 2
4 119 96 2
4 119 101 2
4 120 96 2
4 120 101 2
4 121 96 2
4 121 97 2
4 121 98 2
4 121 99 2
4 121 100 2
4 121 101 2
5 40 121 2
5 40 122 2
5 41 114 2
5 41 115 2
5 41 116 2
5 41 117 2
5 41 118 2
5 41 119 2
5 41 120 2
5 41 123 2
5 41 124 2
5 41 125 2
5 42 126 2
5 42 127 2
5 42 128 2
5 43 129 2
5 43 130 2
5 43 131 2
5 44 108 2
5 44 132 2
5 44 133 2
5 44 134 2
5 45 107 2
5 45 135 2
5 45 136 2
5 45 137 2
5 46 107 2
5 46 138 2
5 46 139 2
5 46 140 2
5 47 106 2
5 47 141 2
5 47 142 2
5 48 106 2
5 48 143 2
5 48 144 2
5 48 145 2
5 49 105 2
5 49 146 2
5 49 147 2
5 49 148 2
5 50 105 2
5 50 149 2
5 50 150 2
5 51 104 2
5 52 104 2
5 53 103 2
5 54 103 2
5 55 102 2
5 56 102 2
5 57 102 2
5 58 101 2
5 59 101 2
5 60 101 2
5 61 100 2
5 62 100 2
5 63 100 2
5 64 99 2
5 65 99 2
5 66 99 2
5 67 99 2
5 68 99 2
5 69 99 2
5 70 99 2
5 71 99 2
5 72 99 2
5 73 99 2
5 74 100 2
5 75 100 2
5 76 100 2
5 77 100 2
5 78 100 2
5 79 101 2
5 80 101 2
5 81 101 2
5 84 58 2
5 84 59 2
5 84 60 2
5 84 61 2
5 84 62 2
5 84 63 2
5 84 64 2
5 84 65 2
5 84 66 2
5 84 67 2
5 84 68 2
5 84 69 2
5 84 70 2
5 84 71 2
5 84 72 2
5 84 73 2
5 84 74 2
5 84 75 2
5 85 52 2
5 85 53 2
5 85 54 2
5 85 55 2
5 85 56 2
5 85 57 2
5 85 76 2
5 85 77 2
5 86 47 2
5 86 48 2
5 86 49 2
5 86 50 2
5 86 51 2
5 86 78 2
5 87 41 2
5 87 42 2
5 87 43 2
5 87 44 2
5 87 45 2
5 87 46 2
5 87 79 2
5 87 80 2
5 88 37 2
5 88 38 2
5 88 39 2
5 88 40 2
5 88 81 2
5 88 82 2
5 89 35 2
5 89 36 2
5 89 83 2
5 89 84 2
5 90 34 2
5 90 85 2
5 91 32 2
5 91 33 2
5 91 86 2
5 92 30 2
5 92 31 2
5 92 86 2
5 93 28 2
5 93 29 2
5 93 87 2
5 94 27 2
5 94 88 2
5 95 25 2
5 95 26 2
5 95 89 2
5 96 23 2
5 96 24 2
5 96 90 2
5 97 21 2
5 97 22 2
5 97 90 2
5 98 20 2
5 98 91 2
5 99 18 2
5 99 19 2
5 99 92 2
5 100 16 2
5 100 17 2
5 100 93 2
5 101 15 2
5 101 94 2
5 102 13 2
5 102 14 2
5 102 94 2
5 103 11 2
5 103 12 2
5 103 95 2
5 104 9 2
5 104 10 2
5 104 95 2
5 105 8 2
5 105 95 2
5 106 6 2
5 106 7 2
5 106 95 2
5 107 1 2
5 107 4 2
5 107 5 2
5 107 95 2
5 108 1 2
5 108 2 2
5 108 3 2
5 108 95 2
5 109 1 2
5 109 96 2
5 110 96 2
5 111 96 2
5 112 96 2
5 113 96 2
5 114 96 2
5 115 96 2
5 116 96 2
5 117 96 2
5 118 96 2
5 118 101 2
5 119 96 2
5 119 101 2
5 120 96 2
5 120 101 2
5 121 96 2
5 121 97 2
5 121 98 2
5 121 99 2
5 121 100 2
5 121 101 2
6 40 121 2
6 40 122 2
6 41 114 2
6 41 115 2
6 41 116 2
6 41 117 2
6 41 118 2
6 41 119 2
6 41 120 2
6 41 123 2
6 41 124 2
6 41 125 2
6 42 126 2
6 42 127 2
6 42 128 2
6 43 129 2
6 43 130 2
6 43 131 2
6 44 108 2
6 44 132 2
6 44 133 2
6 44 134 2
6 45 107 2
6 45 135 2
6 45 136 2
6 45 137 2
6 46 107 2
6 46 138 2
6 46 139 2
6 46 140 2
6 47 106 2
6 47 141 2
6 47 142 2
6 48 106 2
6 48 143 2
6 48 144 2
6 48 145 2
6 49 105 2
6 49 146 2
6 49 147 2
6 49 148 2
6 50 105 2
6 50 149 2
6 50 150 2
6 51 104 2
6 52 104 2
6 53 103 2
6 54 103 2
6 55 102 2
6 56 102 2
6 57 102 2
6 58 101 2
6 59 101 2
6 60 101 2
6 61 100 2
6 62 100 2
6 63 100 2
6 64 99 2
6 65 99 2
6 66 99 2
6 67 99 2
6 68 99 2
6 69 99 2
6 70 99 2
6 71 99 2
6 72 99 2
6 73 99 2
6 74 100 2
6 75 100 2
6 76 100 2
6 77 100 2
6 78 100 2
6 79 101 2
6 80 101 2
6 81 101 2
6 84 58 2
6 84 59 2
6 84 60 2
6 84 61 2
6 84 62 2
6 84 63 2
6 84 64 2
6 84 65 2
6 84 66 2
6 84 67 2
6 84 68 2
6 84 69 2
6 84 70 2
6 84 71 2
6 84 72 2
6 84 73 2
6 84 74 2
6 84 75 2
6 85 52 2
6 85 53 2
6 85 54 2
6 85 55 2
6 85 56 2
6 85 57 2
6 85 76 2
6 85 77 2
6 86 47 2
6 86 48 2
6 86 49 2
6 86 50 2
6 86 51 2
6 86 78 2
6 87 41 2
6 87 42 2
6 87 43 2
6 87 44 2
6 87 45 2
6 87 46 2
6 87 79 2
6 87 80 2
6 88 37 2
6 88 38 2
6 88 39 2
6 88 40 2
6 88 81 2
6 88 82 2
6 89 35 2
6 89 36 2
6 89 83 2
6 89 84 2
6 90 34 2
6 90 85 2
6 91 32 2
6 91 33 2
6 91 86 2
6 92 30 2
6 92 31 2
6 92 86 2
6 93 28 2
6 93 29 2
6 93 87 2
6 94 27 2
6 94 88 2
6 95 25 2
6 95 26 2
6 95 89 2
6 96 23 2
6 96 24 2
6 96 90 2
6 97 21 2
6 97 22 2
6 97 90 2
6 98 20 2
6 98 91 2
6 99 18 2
6 99 19 2
6 99 92 2
6 100 16 2
6 100 17 2
6 100 93 2
6 101 15 2
6 101 94 2
6 102 13 2
6 102 14 2
6 102 94 2
6 103 11 2
6 103 12 2
6 103 95 2
6 104 9 2
6 104 10 2
6 104 95 2
6 105 8 2
6 105 95 2
6 106 6 2
6 106 7 2
6 106 95 2
6 107 1 2
6 107 4 2
6 107 5 2
6 107 95 2
6 108 1 2
6 108 2 2
6 108 3 2
6 108 95 2
6 109 1 2
6 109 96 2
6 110 96 2
6 111 96 2
6 112 96 2
6 113 96 2
6 114 96 2
6 115 96 2
6 116 96 2
6 117 96 2
6 118 96 2
6 118 101 2
6 119 96 2
6 119 101 2
6 120 96 2
6 120 101 2
6 121 96 2
6 121 97 2
6 121 98 2
6 121 99 2
6 121 100 2
6 121 101 2
