1 41 109 6.532
1 42 108 6.579
1 43 108 7.899
1 44 108 9.709
1 45 107 8.491
1 46 107 9.668
1 47 106 8.65
1 48 106 9.752
1 49 105 8.707
1 50 105 9.563
1 51 104 8.284
1 52 104 9.16
1 53 103 7.098
1 54 103 9.143
1 55 102 6.836
1 56 102 8.345
1 57 102 9.539
1 58 101 7.148
1 59 101 8.335
1 60 101 11.244
1 61 100 7.249
1 62 100 8.993
1 63 100 9.816
1 64 99 7.436
1 65 99 7.592
1 66 99 7.868
1 67 99 7.586
1 68 99 7.632
1 69 99 7.677
1 70 99 7.727
1 71 99 7.608
1 72 99 7.769
1 73 99 8.178
1 74 100 7.678
1 75 100 7.681
1 76 100 7.599
1 77 100 7.686
1 78 100 7.662
1 79 101 7.833
1 80 101 7.803
1 81 101 7.935
1 82 101 7.953
1 83 101 8.008
1 84 102 7.959
1 85 102 8.014
1 86 102 8.051
1 87 102 8.139
1 88 102 8.102
1 89 102 8.143
1 90 102 8.115
1 91 103 8.083
1 92 103 8.127
1 93 103 8.084
1 94 103 8.085
1 95 103 8.094
1 96 103 8.128
1 97 103 8.073
1 98 103 8.092
1 99 103 8.151
1 100 103 8.112
1 101 103 8.13
1 102 103 8.111
1 103 103 8.278
1 104 103 8.477
1 105 103 8.241
1 106 103 8.176
1 107 103 8.155
1 108 103 8.112
1 109 103 8.172
1 110 103 8.18
1 111 103 8.158
1 112 103 10.184
1 113 102 8.189
1 114 102 9.234
1 115 102 10.057
1 116 102 10.057
1 117 102 10.166
1 118 101 8.2
1 119 101 8.185
1 120 101 8.18
1 121 99 10.833
1 121 100 8.232
1 121 101 8.211
