1 1 60 1.0
1 1 61 1.0
1 1 62 1.0
1 1 63 1.0
1 1 64 1.0
1 1 65 1.0
1 1 66 1.0
1 1 67 1.0
1 1 68 1.0
1 1 69 1.0
1 1 70 1.0
1 1 71 1.0
1 1 72 1.0
1 1 73 1.0
1 1 74 1.0
1 1 75 1.0
1 1 76 1.0
1 1 77 1.0
1 1 78 1.0
1 1 79 1.0
1 1 80 1.0
1 1 81 1.0
1 1 82 1.0
1 2 59 1.0
1 3 57 1.0
1 3 58 1.0
1 4 56 1.0
1 5 54 1.0
1 5 55 1.0
1 6 53 1.0
1 7 51 1.0
1 7 52 1.0
1 8 49 1.0
1 8 50 1.0
1 9 48 1.0
1 10 46 1.0
1 10 47 1.0
1 11 45 1.0
1 12 43 1.0
1 12 44 1.0
1 13 42 1.0
1 14 40 1.0
1 14 41 1.0
1 15 39 1.0
1 16 37 1.0
1 16 38 1.0
1 17 36 1.0
1 18 34 1.0
1 18 35 1.0
1 19 32 1.0
1 19 33 1.0
1 20 31 1.0
1 21 29 1.0
1 21 30 1.0
1 22 28 1.0
1 23 26 1.0
1 23 27 1.0
1 24 25 1.0
1 25 23 1.0
1 25 24 1.0
1 26 22 1.0
1 27 21 1.0
1 28 20 1.0
1 29 20 1.0
1 30 19 1.0
1 31 19 1.0
1 32 19 1.0
1 33 18 1.0
1 34 18 1.0
1 35 17 1.0
1 36 17 1.0
1 37 16 1.0
1 38 16 1.0
1 39 15 1.0
1 40 15 1.0
1 41 15 1.0
1 42 14 1.0
1 43 14 1.0
1 44 13 1.0
1 45 13 1.0
1 46 12 1.0
1 47 12 1.0
1 48 11 1.0
1 49 11 1.0
1 50 11 1.0
1 51 10 1.0
1 52 10 1.0
1 53 9 1.0
1 54 9 1.0
1 55 8 1.0
1 56 8 1.0
1 57 7 1.0
1 58 7 1.0
1 59 6 1.0
1 60 6 1.0
1 61 6 1.0
1 62 5 1.0
1 63 5 1.0
1 64 4 1.0
1 65 4 1.0
1 66 3 1.0
1 67 3 1.0
1 68 3 1.0
1 69 3 1.0
1 70 2 1.0
1 71 2 1.0
1 72 2 1.0
1 73 2 1.0
1 74 2 1.0
1 75 2 1.0
1 76 2 1.0
1 77 2 1.0
1 78 2 1.0
1 79 2 1.0
1 80 2 1.0
1 81 2 1.0
1 82 2 1.0
1 83 2 1.0
1 84 2 1.0
1 85 2 1.0
1 86 2 1.0
1 87 2 1.0
1 88 2 1.0
1 89 2 1.0
1 90 2 1.0
1 91 2 1.0
1 92 2 1.0
1 93 2 1.0
1 94 2 1.0
1 95 2 1.0
1 96 1 1.0
1 97 1 1.0
1 98 1 1.0
1 99 1 1.0
1 100 1 1.0
1 101 1 1.0
1 102 1 1.0
1 103 1 1.0
1 104 1 1.0
1 105 1 1.0
1 106 1 1.0
2 1 60 1.0
2 1 61 1.0
2 1 62 1.0
2 1 63 1.0
2 1 64 1.0
2 1 65 1.0
2 1 66 1.0
2 1 67 1.0
2 1 68 1.0
2 1 69 1.0
2 1 70 1.0
2 1 71 1.0
2 1 72 1.0
2 1 73 1.0
2 1 74 1.0
2 1 75 1.0
2 1 76 1.0
2 1 77 1.0
2 1 78 1.0
2 1 79 1.0
2 1 80 1.0
2 1 81 1.0
2 1 82 1.0
2 2 59 1.0
2 3 57 1.0
2 3 58 1.0
2 4 56 1.0
2 5 54 1.0
2 5 55 1.0
2 6 53 1.0
2 7 51 1.0
2 7 52 1.0
2 8 49 1.0
2 8 50 1.0
2 9 48 1.0
2 10 46 1.0
2 10 47 1.0
2 11 45 1.0
2 12 43 1.0
2 12 44 1.0
2 13 42 1.0
2 14 40 1.0
2 14 41 1.0
2 15 39 1.0
2 16 37 1.0
2 16 38 1.0
2 17 36 1.0
2 18 34 1.0
2 18 35 1.0
2 19 32 1.0
2 19 33 1.0
2 20 31 1.0
2 21 29 1.0
2 21 30 1.0
2 22 28 1.0
2 23 26 1.0
2 23 27 1.0
2 24 25 1.0
2 25 23 1.0
2 25 24 1.0
2 26 22 1.0
2 27 21 1.0
2 28 20 1.0
2 29 20 1.0
2 30 19 1.0
2 31 19 1.0
2 32 19 1.0
2 33 18 1.0
2 34 18 1.0
2 35 17 1.0
2 36 17 1.0
2 37 16 1.0
2 38 16 1.0
2 39 15 1.0
2 40 15 1.0
2 41 15 1.0
2 42 14 1.0
2 43 14 1.0
2 44 13 1.0
2 45 13 1.0
2 46 12 1.0
2 47 12 1.0
2 48 11 1.0
2 49 11 1.0
2 50 11 1.0
2 51 10 1.0
2 52 10 1.0
2 53 9 1.0
2 54 9 1.0
2 55 8 1.0
2 56 8 1.0
2 57 7 1.0
2 58 7 1.0
2 59 6 1.0
2 60 6 1.0
2 61 6 1.0
2 62 5 1.0
2 63 5 1.0
2 64 4 1.0
2 65 4 1.0
2 66 3 1.0
2 67 3 1.0
2 68 3 1.0
2 69 3 1.0
2 70 2 1.0
2 71 2 1.0
2 72 2 1.0
2 73 2 1.0
2 74 2 1.0
2 75 2 1.0
2 76 2 1.0
2 77 2 1.0
2 78 2 1.0
2 79 2 1.0
2 80 2 1.0
2 81 2 1.0
2 82 2 1.0
2 83 2 1.0
2 84 2 1.0
2 85 2 1.0
2 86 2 1.0
2 87 2 1.0
2 88 2 1.0
2 89 2 1.0
2 90 2 1.0
2 91 2 1.0
2 92 2 1.0
2 93 2 1.0
2 94 2 1.0
2 95 2 1.0
2 96 1 1.0
2 97 1 1.0
2 98 1 1.0
2 99 1 1.0
2 100 1 1.0
2 101 1 1.0
2 102 1 1.0
2 103 1 1.0
2 104 1 1.0
2 105 1 1.0
2 106 1 1.0
3 1 60 1.0
3 1 61 1.0
3 1 62 1.0
3 1 63 1.0
3 1 64 1.0
3 1 65 1.0
3 1 66 1.0
3 1 67 1.0
3 1 68 1.0
3 1 69 1.0
3 1 70 1.0
3 1 71 1.0
3 1 72 1.0
3 1 73 1.0
3 1 74 1.0
3 1 75 1.0
3 1 76 1.0
3 1 77 1.0
3 1 78 1.0
3 1 79 1.0
3 1 80 1.0
3 1 81 1.0
3 1 82 1.0
3 2 59 1.0
3 3 57 1.0
3 3 58 1.0
3 4 56 1.0
3 5 54 1.0
3 5 55 1.0
3 6 53 1.0
3 7 51 1.0
3 7 52 1.0
3 8 49 1.0
3 8 50 1.0
3 9 48 1.0
3 10 46 1.0
3 10 47 1.0
3 11 45 1.0
3 12 43 1.0
3 12 44 1.0
3 13 42 1.0
3 14 40 1.0
3 14 41 1.0
3 15 39 1.0
3 16 37 1.0
3 16 38 1.0
3 17 36 1.0
3 18 34 1.0
3 18 35 1.0
3 19 32 1.0
3 19 33 1.0
3 20 31 1.0
3 21 29 1.0
3 21 30 1.0
3 22 28 1.0
3 23 26 1.0
3 23 27 1.0
3 24 25 1.0
3 25 23 1.0
3 25 24 1.0
3 26 22 1.0
3 27 21 1.0
3 28 20 1.0
3 29 20 1.0
3 30 19 1.0
3 31 19 1.0
3 32 19 1.0
3 33 18 1.0
3 34 18 1.0
3 35 17 1.0
3 36 17 1.0
3 37 16 1.0
3 38 16 1.0
3 39 15 1.0
3 40 15 1.0
3 41 15 1.0
3 42 14 1.0
3 43 14 1.0
3 44 13 1.0
3 45 13 1.0
3 46 12 1.0
3 47 12 1.0
3 48 11 1.0
3 49 11 1.0
3 50 11 1.0
3 51 10 1.0
3 52 10 1.0
3 53 9 1.0
3 54 9 1.0
3 55 8 1.0
3 56 8 1.0
3 57 7 1.0
3 58 7 1.0
3 59 6 1.0
3 60 6 1.0
3 61 6 1.0
3 62 5 1.0
3 63 5 1.0
3 64 4 1.0
3 65 4 1.0
3 66 3 1.0
3 67 3 1.0
3 68 3 1.0
3 69 3 1.0
3 70 2 1.0
3 71 2 1.0
3 72 2 1.0
3 73 2 1.0
3 74 2 1.0
3 75 2 1.0
3 76 2 1.0
3 77 2 1.0
3 78 2 1.0
3 79 2 1.0
3 80 2 1.0
3 81 2 1.0
3 82 2 1.0
3 83 2 1.0
3 84 2 1.0
3 85 2 1.0
3 86 2 1.0
3 87 2 1.0
3 88 2 1.0
3 89 2 1.0
3 90 2 1.0
3 91 2 1.0
3 92 2 1.0
3 93 2 1.0
3 94 2 1.0
3 95 2 1.0
3 96 1 1.0
3 97 1 1.0
3 98 1 1.0
3 99 1 1.0
3 100 1 1.0
3 101 1 1.0
3 102 1 1.0
3 103 1 1.0
3 104 1 1.0
3 105 1 1.0
3 106 1 1.0
4 1 60 1.0
4 1 61 1.0
4 1 62 1.0
4 1 63 1.0
4 1 64 1.0
4 1 65 1.0
4 1 66 1.0
4 1 67 1.0
4 1 68 1.0
4 1 69 1.0
4 1 70 1.0
4 1 71 1.0
4 1 72 1.0
4 1 73 1.0
4 1 74 1.0
4 1 75 1.0
4 1 76 1.0
4 1 77 1.0
4 1 78 1.0
4 1 79 1.0
4 1 80 1.0
4 1 81 1.0
4 1 82 1.0
4 2 59 1.0
4 3 57 1.0
4 3 58 1.0
4 4 56 1.0
4 5 54 1.0
4 5 55 1.0
4 6 53 1.0
4 7 51 1.0
4 7 52 1.0
4 8 49 1.0
4 8 50 1.0
4 9 48 1.0
4 10 46 1.0
4 10 47 1.0
4 11 45 1.0
4 12 43 1.0
4 12 44 1.0
4 13 42 1.0
4 14 40 1.0
4 14 41 1.0
4 15 39 1.0
4 16 37 1.0
4 16 38 1.0
4 17 36 1.0
4 18 34 1.0
4 18 35 1.0
4 19 32 1.0
4 19 33 1.0
4 20 31 1.0
4 21 29 1.0
4 21 30 1.0
4 22 28 1.0
4 23 26 1.0
4 23 27 1.0
4 24 25 1.0
4 25 23 1.0
4 25 24 1.0
4 26 22 1.0
4 27 21 1.0
4 28 20 1.0
4 29 20 1.0
4 30 19 1.0
4 31 19 1.0
4 32 19 1.0
4 33 18 1.0
4 34 18 1.0
4 35 17 1.0
4 36 17 1.0
4 37 16 1.0
4 38 16 1.0
4 39 15 1.0
4 40 15 1.0
4 41 15 1.0
4 42 14 1.0
4 43 14 1.0
4 44 13 1.0
4 45 13 1.0
4 46 12 1.0
4 47 12 1.0
4 48 11 1.0
4 49 11 1.0
4 50 11 1.0
4 51 10 1.0
4 52 10 1.0
4 53 9 1.0
4 54 9 1.0
4 55 8 1.0
4 56 8 1.0
4 57 7 1.0
4 58 7 1.0
4 59 6 1.0
4 60 6 1.0
4 61 6 1.0
4 62 5 1.0
4 63 5 1.0
4 64 4 1.0
4 65 4 1.0
4 66 3 1.0
4 67 3 1.0
4 68 3 1.0
4 69 3 1.0
4 70 2 1.0
4 71 2 1.0
4 72 2 1.0
4 73 2 1.0
4 74 2 1.0
4 75 2 1.0
4 76 2 1.0
4 77 2 1.0
4 78 2 1.0
4 79 2 1.0
4 80 2 1.0
4 81 2 1.0
4 82 2 1.0
4 83 2 1.0
4 84 2 1.0
4 85 2 1.0
4 86 2 1.0
4 87 2 1.0
4 88 2 1.0
4 89 2 1.0
4 90 2 1.0
4 91 2 1.0
4 92 2 1.0
4 93 2 1.0
4 94 2 1.0
4 95 2 1.0
4 96 1 1.0
4 97 1 1.0
4 98 1 1.0
4 99 1 1.0
4 100 1 1.0
4 101 1 1.0
4 102 1 1.0
4 103 1 1.0
4 104 1 1.0
4 105 1 1.0
4 106 1 1.0
5 1 60 1.0
5 1 61 1.0
5 1 62 1.0
5 1 63 1.0
5 1 64 1.0
5 1 65 1.0
5 1 66 1.0
5 1 67 1.0
5 1 68 1.0
5 1 69 1.0
5 1 70 1.0
5 1 71 1.0
5 1 72 1.0
5 1 73 1.0
5 1 74 1.0
5 1 75 1.0
5 1 76 1.0
5 1 77 1.0
5 1 78 1.0
5 1 79 1.0
5 1 80 1.0
5 1 81 1.0
5 1 82 1.0
5 2 59 1.0
5 3 57 1.0
5 3 58 1.0
5 4 56 1.0
5 5 54 1.0
5 5 55 1.0
5 6 53 1.0
5 7 51 1.0
5 7 52 1.0
5 8 49 1.0
5 8 50 1.0
5 9 48 1.0
5 10 46 1.0
5 10 47 1.0
5 11 45 1.0
5 12 43 1.0
5 12 44 1.0
5 13 42 1.0
5 14 40 1.0
5 14 41 1.0
5 15 39 1.0
5 16 37 1.0
5 16 38 1.0
5 17 36 1.0
5 18 34 1.0
5 18 35 1.0
5 19 32 1.0
5 19 33 1.0
5 20 31 1.0
5 21 29 1.0
5 21 30 1.0
5 22 28 1.0
5 23 26 1.0
5 23 27 1.0
5 24 25 1.0
5 25 23 1.0
5 25 24 1.0
5 26 22 1.0
5 27 21 1.0
5 28 20 1.0
5 29 20 1.0
5 30 19 1.0
5 31 19 1.0
5 32 19 1.0
5 33 18 1.0
5 34 18 1.0
5 35 17 1.0
5 36 17 1.0
5 37 16 1.0
5 38 16 1.0
5 39 15 1.0
5 40 15 1.0
5 41 15 1.0
5 42 14 1.0
5 43 14 1.0
5 44 13 1.0
5 45 13 1.0
5 46 12 1.0
5 47 12 1.0
5 48 11 1.0
5 49 11 1.0
5 50 11 1.0
5 51 10 1.0
5 52 10 1.0
5 53 9 1.0
5 54 9 1.0
5 55 8 1.0
5 56 8 1.0
5 57 7 1.0
5 58 7 1.0
5 59 6 1.0
5 60 6 1.0
5 61 6 1.0
5 62 5 1.0
5 63 5 1.0
5 64 4 1.0
5 65 4 1.0
5 66 3 1.0
5 67 3 1.0
5 68 3 1.0
5 69 3 1.0
5 70 2 1.0
5 71 2 1.0
5 72 2 1.0
5 73 2 1.0
5 74 2 1.0
5 75 2 1.0
5 76 2 1.0
5 77 2 1.0
5 78 2 1.0
5 79 2 1.0
5 80 2 1.0
5 81 2 1.0
5 82 2 1.0
5 83 2 1.0
5 84 2 1.0
5 85 2 1.0
5 86 2 1.0
5 87 2 1.0
5 88 2 1.0
5 89 2 1.0
5 90 2 1.0
5 91 2 1.0
5 92 2 1.0
5 93 2 1.0
5 94 2 1.0
5 95 2 1.0
5 96 1 1.0
5 97 1 1.0
5 98 1 1.0
5 99 1 1.0
5 100 1 1.0
5 101 1 1.0
5 102 1 1.0
5 103 1 1.0
5 104 1 1.0
5 105 1 1.0
5 106 1 1.0
6 1 60 1.0
6 1 61 1.0
6 1 62 1.0
6 1 63 1.0
6 1 64 1.0
6 1 65 1.0
6 1 66 1.0
6 1 67 1.0
6 1 68 1.0
6 1 69 1.0
6 1 70 1.0
6 1 71 1.0
6 1 72 1.0
6 1 73 1.0
6 1 74 1.0
6 1 75 1.0
6 1 76 1.0
6 1 77 1.0
6 1 78 1.0
6 1 79 1.0
6 1 80 1.0
6 1 81 1.0
6 1 82 1.0
6 2 59 1.0
6 3 57 1.0
6 3 58 1.0
6 4 56 1.0
6 5 54 1.0
6 5 55 1.0
6 6 53 1.0
6 7 51 1.0
6 7 52 1.0
6 8 49 1.0
6 8 50 1.0
6 9 48 1.0
6 10 46 1.0
6 10 47 1.0
6 11 45 1.0
6 12 43 1.0
6 12 44 1.0
6 13 42 1.0
6 14 40 1.0
6 14 41 1.0
6 15 39 1.0
6 16 37 1.0
6 16 38 1.0
6 17 36 1.0
6 18 34 1.0
6 18 35 1.0
6 19 32 1.0
6 19 33 1.0
6 20 31 1.0
6 21 29 1.0
6 21 30 1.0
6 22 28 1.0
6 23 26 1.0
6 23 27 1.0
6 24 25 1.0
6 25 23 1.0
6 25 24 1.0
6 26 22 1.0
6 27 21 1.0
6 28 20 1.0
6 29 20 1.0
6 30 19 1.0
6 31 19 1.0
6 32 19 1.0
6 33 18 1.0
6 34 18 1.0
6 35 17 1.0
6 36 17 1.0
6 37 16 1.0
6 38 16 1.0
6 39 15 1.0
6 40 15 1.0
6 41 15 1.0
6 42 14 1.0
6 43 14 1.0
6 44 13 1.0
6 45 13 1.0
6 46 12 1.0
6 47 12 1.0
6 48 11 1.0
6 49 11 1.0
6 50 11 1.0
6 51 10 1.0
6 52 10 1.0
6 53 9 1.0
6 54 9 1.0
6 55 8 1.0
6 56 8 1.0
6 57 7 1.0
6 58 7 1.0
6 59 6 1.0
6 60 6 1.0
6 61 6 1.0
6 62 5 1.0
6 63 5 1.0
6 64 4 1.0
6 65 4 1.0
6 66 3 1.0
6 67 3 1.0
6 68 3 1.0
6 69 3 1.0
6 70 2 1.0
6 71 2 1.0
6 72 2 1.0
6 73 2 1.0
6 74 2 1.0
6 75 2 1.0
6 76 2 1.0
6 77 2 1.0
6 78 2 1.0
6 79 2 1.0
6 80 2 1.0
6 81 2 1.0
6 82 2 1.0
6 83 2 1.0
6 84 2 1.0
6 85 2 1.0
6 86 2 1.0
6 87 2 1.0
6 88 2 1.0
6 89 2 1.0
6 90 2 1.0
6 91 2 1.0
6 92 2 1.0
6 93 2 1.0
6 94 2 1.0
6 95 2 1.0
6 96 1 1.0
6 97 1 1.0
6 98 1 1.0
6 99 1 1.0
6 100 1 1.0
6 101 1 1.0
6 102 1 1.0
6 103 1 1.0
6 104 1 1.0
6 105 1 1.0
6 106 1 1.0
