1 2 83 0.01
1 2 84 0.01
1 2 85 0.01
1 2 86 0.01
1 2 87 0.01
1 2 88 0.01
1 2 89 0.01
1 2 90 0.01
1 2 91 0.01
1 2 92 0.01
1 2 93 0.01
1 2 94 0.01
1 2 95 0.01
1 2 96 0.01
1 2 97 0.01
1 2 98 0.01
1 2 99 0.01
1 2 100 0.01
1 2 101 0.01
1 2 102 0.01
1 2 103 0.01
1 2 104 0.01
1 2 105 0.01
1 2 106 0.01
1 2 107 0.01
1 2 108 0.01
1 2 109 0.01
1 2 110 0.01
1 2 111 0.01
1 2 112 0.01
1 2 113 0.01
1 2 114 0.01
1 2 115 0.01
1 2 116 0.01
1 2 117 0.01
1 2 118 0.01
1 3 119 0.01
1 3 120 0.01
1 3 121 0.01
1 3 122 0.01
1 3 123 0.01
1 3 124 0.01
1 3 125 0.01
1 3 126 0.01
1 3 127 0.01
1 3 128 0.01
1 3 129 0.01
1 3 130 0.01
1 3 131 0.01
1 3 132 0.01
1 3 133 0.01
1 3 134 0.01
1 3 135 0.01
1 3 136 0.01
1 3 137 0.01
1 3 138 0.01
1 3 139 0.01
1 3 140 0.01
1 3 141 0.01
1 3 142 0.01
1 3 143 0.01
1 3 144 0.01
1 3 145 0.01
1 3 146 0.01
1 3 147 0.01
1 3 148 0.01
1 3 149 0.01
1 3 150 0.01
1 4 150 0.01
1 5 150 0.01
1 6 150 0.01
1 7 150 0.01
1 8 150 0.01
1 9 150 0.01
1 10 150 0.01
1 11 150 0.01
1 12 150 0.01
1 13 150 0.01
1 14 150 0.01
1 15 150 0.01
1 16 150 0.01
1 17 150 0.01
1 18 150 0.01
1 19 150 0.01
1 20 150 0.01
1 21 150 0.01
1 22 150 0.01
1 23 150 0.01
1 24 150 0.01
1 25 150 0.01
1 26 150 0.01
1 27 150 0.01
1 28 150 0.01
1 29 150 0.01
1 30 150 0.01
1 31 150 0.01
1 32 150 0.01
1 33 150 0.01
1 34 150 0.01
1 35 150 0.01
1 36 150 0.01
1 37 150 0.01
1 38 150 0.01
1 39 150 0.01
1 40 150 0.01
1 41 150 0.01
1 42 150 0.01
1 43 150 0.01
1 44 150 0.01
1 45 150 0.01
1 46 150 0.01
1 47 150 0.01
1 48 150 0.01
1 49 150 0.01
2 2 83 0.01
2 2 84 0.01
2 2 85 0.01
2 2 86 0.01
2 2 87 0.01
2 2 88 0.01
2 2 89 0.01
2 2 90 0.01
2 2 91 0.01
2 2 92 0.01
2 2 93 0.01
2 2 94 0.01
2 2 95 0.01
2 2 96 0.01
2 2 97 0.01
2 2 98 0.01
2 2 99 0.01
2 2 100 0.01
2 2 101 0.01
2 2 102 0.01
2 2 103 0.01
2 2 104 0.01
2 2 105 0.01
2 2 106 0.01
2 2 107 0.01
2 2 108 0.01
2 2 109 0.01
2 2 110 0.01
2 2 111 0.01
2 2 112 0.01
2 2 113 0.01
2 2 114 0.01
2 2 115 0.01
2 2 116 0.01
2 2 117 0.01
2 2 118 0.01
2 3 119 0.01
2 3 120 0.01
2 3 121 0.01
2 3 122 0.01
2 3 123 0.01
2 3 124 0.01
2 3 125 0.01
2 3 126 0.01
2 3 127 0.01
2 3 128 0.01
2 3 129 0.01
2 3 130 0.01
2 3 131 0.01
2 3 132 0.01
2 3 133 0.01
2 3 134 0.01
2 3 135 0.01
2 3 136 0.01
2 3 137 0.01
2 3 138 0.01
2 3 139 0.01
2 3 140 0.01
2 3 141 0.01
2 3 142 0.01
2 3 143 0.01
2 3 144 0.01
2 3 145 0.01
2 3 146 0.01
2 3 147 0.01
2 3 148 0.01
2 3 149 0.01
2 3 150 0.01
2 4 150 0.01
2 5 150 0.01
2 6 150 0.01
2 7 150 0.01
2 8 150 0.01
2 9 150 0.01
2 10 150 0.01
2 11 150 0.01
2 12 150 0.01
2 13 150 0.01
2 14 150 0.01
2 15 150 0.01
2 16 150 0.01
2 17 150 0.01
2 18 150 0.01
2 19 150 0.01
2 20 150 0.01
2 21 150 0.01
2 22 150 0.01
2 23 150 0.01
2 24 150 0.01
2 25 150 0.01
2 26 150 0.01
2 27 150 0.01
2 28 150 0.01
2 29 150 0.01
2 30 150 0.01
2 31 150 0.01
2 32 150 0.01
2 33 150 0.01
2 34 150 0.01
2 35 150 0.01
2 36 150 0.01
2 37 150 0.01
2 38 150 0.01
2 39 150 0.01
2 40 150 0.01
2 41 150 0.01
2 42 150 0.01
2 43 150 0.01
2 44 150 0.01
2 45 150 0.01
2 46 150 0.01
2 47 150 0.01
2 48 150 0.01
2 49 150 0.01
3 2 83 0.01
3 2 84 0.01
3 2 85 0.01
3 2 86 0.01
3 2 87 0.01
3 2 88 0.01
3 2 89 0.01
3 2 90 0.01
3 2 91 0.01
3 2 92 0.01
3 2 93 0.01
3 2 94 0.01
3 2 95 0.01
3 2 96 0.01
3 2 97 0.01
3 2 98 0.01
3 2 99 0.01
3 2 100 0.01
3 2 101 0.01
3 2 102 0.01
3 2 103 0.01
3 2 104 0.01
3 2 105 0.01
3 2 106 0.01
3 2 107 0.01
3 2 108 0.01
3 2 109 0.01
3 2 110 0.01
3 2 111 0.01
3 2 112 0.01
3 2 113 0.01
3 2 114 0.01
3 2 115 0.01
3 2 116 0.01
3 2 117 0.01
3 2 118 0.01
3 3 119 0.01
3 3 120 0.01
3 3 121 0.01
3 3 122 0.01
3 3 123 0.01
3 3 124 0.01
3 3 125 0.01
3 3 126 0.01
3 3 127 0.01
3 3 128 0.01
3 3 129 0.01
3 3 130 0.01
3 3 131 0.01
3 3 132 0.01
3 3 133 0.01
3 3 134 0.01
3 3 135 0.01
3 3 136 0.01
3 3 137 0.01
3 3 138 0.01
3 3 139 0.01
3 3 140 0.01
3 3 141 0.01
3 3 142 0.01
3 3 143 0.01
3 3 144 0.01
3 3 145 0.01
3 3 146 0.01
3 3 147 0.01
3 3 148 0.01
3 3 149 0.01
3 3 150 0.01
3 4 150 0.01
3 5 150 0.01
3 6 150 0.01
3 7 150 0.01
3 8 150 0.01
3 9 150 0.01
3 10 150 0.01
3 11 150 0.01
3 12 150 0.01
3 13 150 0.01
3 14 150 0.01
3 15 150 0.01
3 16 150 0.01
3 17 150 0.01
3 18 150 0.01
3 19 150 0.01
3 20 150 0.01
3 21 150 0.01
3 22 150 0.01
3 23 150 0.01
3 24 150 0.01
3 25 150 0.01
3 26 150 0.01
3 27 150 0.01
3 28 150 0.01
3 29 150 0.01
3 30 150 0.01
3 31 150 0.01
3 32 150 0.01
3 33 150 0.01
3 34 150 0.01
3 35 150 0.01
3 36 150 0.01
3 37 150 0.01
3 38 150 0.01
3 39 150 0.01
3 40 150 0.01
3 41 150 0.01
3 42 150 0.01
3 43 150 0.01
3 44 150 0.01
3 45 150 0.01
3 46 150 0.01
3 47 150 0.01
3 48 150 0.01
3 49 150 0.01
4 2 83 0.01
4 2 84 0.01
4 2 85 0.01
4 2 86 0.01
4 2 87 0.01
4 2 88 0.01
4 2 89 0.01
4 2 90 0.01
4 2 91 0.01
4 2 92 0.01
4 2 93 0.01
4 2 94 0.01
4 2 95 0.01
4 2 96 0.01
4 2 97 0.01
4 2 98 0.01
4 2 99 0.01
4 2 100 0.01
4 2 101 0.01
4 2 102 0.01
4 2 103 0.01
4 2 104 0.01
4 2 105 0.01
4 2 106 0.01
4 2 107 0.01
4 2 108 0.01
4 2 109 0.01
4 2 110 0.01
4 2 111 0.01
4 2 112 0.01
4 2 113 0.01
4 2 114 0.01
4 2 115 0.01
4 2 116 0.01
4 2 117 0.01
4 2 118 0.01
4 3 119 0.01
4 3 120 0.01
4 3 121 0.01
4 3 122 0.01
4 3 123 0.01
4 3 124 0.01
4 3 125 0.01
4 3 126 0.01
4 3 127 0.01
4 3 128 0.01
4 3 129 0.01
4 3 130 0.01
4 3 131 0.01
4 3 132 0.01
4 3 133 0.01
4 3 134 0.01
4 3 135 0.01
4 3 136 0.01
4 3 137 0.01
4 3 138 0.01
4 3 139 0.01
4 3 140 0.01
4 3 141 0.01
4 3 142 0.01
4 3 143 0.01
4 3 144 0.01
4 3 145 0.01
4 3 146 0.01
4 3 147 0.01
4 3 148 0.01
4 3 149 0.01
4 3 150 0.01
4 4 150 0.01
4 5 150 0.01
4 6 150 0.01
4 7 150 0.01
4 8 150 0.01
4 9 150 0.01
4 10 150 0.01
4 11 150 0.01
4 12 150 0.01
4 13 150 0.01
4 14 150 0.01
4 15 150 0.01
4 16 150 0.01
4 17 150 0.01
4 18 150 0.01
4 19 150 0.01
4 20 150 0.01
4 21 150 0.01
4 22 150 0.01
4 23 150 0.01
4 24 150 0.01
4 25 150 0.01
4 26 150 0.01
4 27 150 0.01
4 28 150 0.01
4 29 150 0.01
4 30 150 0.01
4 31 150 0.01
4 32 150 0.01
4 33 150 0.01
4 34 150 0.01
4 35 150 0.01
4 36 150 0.01
4 37 150 0.01
4 38 150 0.01
4 39 150 0.01
4 40 150 0.01
4 41 150 0.01
4 42 150 0.01
4 43 150 0.01
4 44 150 0.01
4 45 150 0.01
4 46 150 0.01
4 47 150 0.01
4 48 150 0.01
4 49 150 0.01
5 2 83 0.01
5 2 84 0.01
5 2 85 0.01
5 2 86 0.01
5 2 87 0.01
5 2 88 0.01
5 2 89 0.01
5 2 90 0.01
5 2 91 0.01
5 2 92 0.01
5 2 93 0.01
5 2 94 0.01
5 2 95 0.01
5 2 96 0.01
5 2 97 0.01
5 2 98 0.01
5 2 99 0.01
5 2 100 0.01
5 2 101 0.01
5 2 102 0.01
5 2 103 0.01
5 2 104 0.01
5 2 105 0.01
5 2 106 0.01
5 2 107 0.01
5 2 108 0.01
5 2 109 0.01
5 2 110 0.01
5 2 111 0.01
5 2 112 0.01
5 2 113 0.01
5 2 114 0.01
5 2 115 0.01
5 2 116 0.01
5 2 117 0.01
5 2 118 0.01
5 3 119 0.01
5 3 120 0.01
5 3 121 0.01
5 3 122 0.01
5 3 123 0.01
5 3 124 0.01
5 3 125 0.01
5 3 126 0.01
5 3 127 0.01
5 3 128 0.01
5 3 129 0.01
5 3 130 0.01
5 3 131 0.01
5 3 132 0.01
5 3 133 0.01
5 3 134 0.01
5 3 135 0.01
5 3 136 0.01
5 3 137 0.01
5 3 138 0.01
5 3 139 0.01
5 3 140 0.01
5 3 141 0.01
5 3 142 0.01
5 3 143 0.01
5 3 144 0.01
5 3 145 0.01
5 3 146 0.01
5 3 147 0.01
5 3 148 0.01
5 3 149 0.01
5 3 150 0.01
5 4 150 0.01
5 5 150 0.01
5 6 150 0.01
5 7 150 0.01
5 8 150 0.01
5 9 150 0.01
5 10 150 0.01
5 11 150 0.01
5 12 150 0.01
5 13 150 0.01
5 14 150 0.01
5 15 150 0.01
5 16 150 0.01
5 17 150 0.01
5 18 150 0.01
5 19 150 0.01
5 20 150 0.01
5 21 150 0.01
5 22 150 0.01
5 23 150 0.01
5 24 150 0.01
5 25 150 0.01
5 26 150 0.01
5 27 150 0.01
5 28 150 0.01
5 29 150 0.01
5 30 150 0.01
5 31 150 0.01
5 32 150 0.01
5 33 150 0.01
5 34 150 0.01
5 35 150 0.01
5 36 150 0.01
5 37 150 0.01
5 38 150 0.01
5 39 150 0.01
5 40 150 0.01
5 41 150 0.01
5 42 150 0.01
5 43 150 0.01
5 44 150 0.01
5 45 150 0.01
5 46 150 0.01
5 47 150 0.01
5 48 150 0.01
5 49 150 0.01
6 2 83 0.01
6 2 84 0.01
6 2 85 0.01
6 2 86 0.01
6 2 87 0.01
6 2 88 0.01
6 2 89 0.01
6 2 90 0.01
6 2 91 0.01
6 2 92 0.01
6 2 93 0.01
6 2 94 0.01
6 2 95 0.01
6 2 96 0.01
6 2 97 0.01
6 2 98 0.01
6 2 99 0.01
6 2 100 0.01
6 2 101 0.01
6 2 102 0.01
6 2 103 0.01
6 2 104 0.01
6 2 105 0.01
6 2 106 0.01
6 2 107 0.01
6 2 108 0.01
6 2 109 0.01
6 2 110 0.01
6 2 111 0.01
6 2 112 0.01
6 2 113 0.01
6 2 114 0.01
6 2 115 0.01
6 2 116 0.01
6 2 117 0.01
6 2 118 0.01
6 3 119 0.01
6 3 120 0.01
6 3 121 0.01
6 3 122 0.01
6 3 123 0.01
6 3 124 0.01
6 3 125 0.01
6 3 126 0.01
6 3 127 0.01
6 3 128 0.01
6 3 129 0.01
6 3 130 0.01
6 3 131 0.01
6 3 132 0.01
6 3 133 0.01
6 3 134 0.01
6 3 135 0.01
6 3 136 0.01
6 3 137 0.01
6 3 138 0.01
6 3 139 0.01
6 3 140 0.01
6 3 141 0.01
6 3 142 0.01
6 3 143 0.01
6 3 144 0.01
6 3 145 0.01
6 3 146 0.01
6 3 147 0.01
6 3 148 0.01
6 3 149 0.01
6 3 150 0.01
6 4 150 0.01
6 5 150 0.01
6 6 150 0.01
6 7 150 0.01
6 8 150 0.01
6 9 150 0.01
6 10 150 0.01
6 11 150 0.01
6 12 150 0.01
6 13 150 0.01
6 14 150 0.01
6 15 150 0.01
6 16 150 0.01
6 17 150 0.01
6 18 150 0.01
6 19 150 0.01
6 20 150 0.01
6 21 150 0.01
6 22 150 0.01
6 23 150 0.01
6 24 150 0.01
6 25 150 0.01
6 26 150 0.01
6 27 150 0.01
6 28 150 0.01
6 29 150 0.01
6 30 150 0.01
6 31 150 0.01
6 32 150 0.01
6 33 150 0.01
6 34 150 0.01
6 35 150 0.01
6 36 150 0.01
6 37 150 0.01
6 38 150 0.01
6 39 150 0.01
6 40 150 0.01
6 41 150 0.01
6 42 150 0.01
6 43 150 0.01
6 44 150 0.01
6 45 150 0.01
6 46 150 0.01
6 47 150 0.01
6 48 150 0.01
6 49 150 0.01
