pp_0000 555.0 1155.0 1 1.0000000000000000000000000000000000000000000000000000000000000000000
pp_0001 655.0 1155.0 1 1.0000000000000000000000000000000000000000000000000000000000000000000
pp_0002 755.0 1155.0 1 1.0000000000000000000000000000000000000000000000000000000000000000000
pp_0003 855.0 1155.0 1 1.0000000000000000000000000000000000000000000000000000000000000000000
pp_0004 955.0 1155.0 1 1.0000000000000000000000000000000000000000000000000000000000000000000
pp_0005 1055.0 1155.0 1 1.00000000000000000000000000000000000000000000000000000000000000000000
pp_0006 1155.0 1155.0 1 1.00000000000000000000000000000000000000000000000000000000000000000000
pp_0007 1255.0 1155.0 1 1.00000000000000000000000000000000000000000000000000000000000000000000
pp_0008 1355.0 1155.0 1 1.00000000000000000000000000000000000000000000000000000000000000000000
pp_0009 1455.0 1155.0 1 1.00000000000000000000000000000000000000000000000000000000000000000000
pp_0010 455.0 1055.0 1 1.00000000000000000000000000000000000000000000000000000000000000000000
pp_0011 555.0 1055.0 1 1.00000000000000000000000000000000000000000000000000000000000000000000
pp_0012 655.0 1055.0 1 1.00000000000000000000000000000000000000000000000000000000000000000000
pp_0013 755.0 1055.0 1 1.00000000000000000000000000000000000000000000000000000000000000000000
pp_0014 855.0 1055.0 1 1.00000000000000000000000000000000000000000000000000000000000000000000
pp_0015 955.0 1055.0 1 1.00000000000000000000000000000000000000000000000000000000000000000000
pp_0016 1055.0 1055.0 1 1.000000000000000000000000000000000000000000000000000000000000000000000
pp_0017 1155.0 1055.0 1 1.000000000000000000000000000000000000000000000000000000000000000000000
pp_0018 1255.0 1055.0 1 1.000000000000000000000000000000000000000000000000000000000000000000000
pp_0019 1355.0 1055.0 1 1.000000000000000000000000000000000000000000000000000000000000000000000
pp_0020 1455.0 1055.0 1 1.000000000000000000000000000000000000000000000000000000000000000000000
pp_0021 255.0 955.0 1 1.00000000000000000000000000000000000000000000000000000000000000000000
pp_0022 355.0 955.0 1 1.00000000000000000000000000000000000000000000000000000000000000000000
pp_0023 455.0 955.0 1 1.00000000000000000000000000000000000000000000000000000000000000000000
pp_0024 555.0 955.0 1 1.00000000000000000000000000000000000000000000000000000000000000000000
pp_0025 655.0 955.0 1 1.00000000000000000000000000000000000000000000000000000000000000000000
pp_0026 755.0 955.0 1 1.00000000000000000000000000000000000000000000000000000000000000000000
pp_0027 855.0 955.0 1 1.00000000000000000000000000000000000000000000000000000000000000000000
pp_0028 955.0 955.0 1 1.00000000000000000000000000000000000000000000000000000000000000000000
pp_0029 1055.0 955.0 1 1.000000000000000000000000000000000000000000000000000000000000000000000
pp_0030 1155.0 955.0 1 1.000000000000000000000000000000000000000000000000000000000000000000000
pp_0031 1255.0 955.0 1 1.000000000000000000000000000000000000000000000000000000000000000000000
pp_0032 1355.0 955.0 1 1.000000000000000000000000000000000000000000000000000000000000000000000
pp_0033 1455.0 955.0 1 1.000000000000000000000000000000000000000000000000000000000000000000000
pp_0034 255.0 855.0 1 1.00000000000000000000000000000000000000000000000000000000000000000000
pp_0035 355.0 855.0 1 1.00000000000000000000000000000000000000000000000000000000000000000000
pp_0036 455.0 855.0 1 1.00000000000000000000000000000000000000000000000000000000000000000000
pp_0037 555.0 855.0 1 1.00000000000000000000000000000000000000000000000000000000000000000000
pp_0038 655.0 855.0 1 1.00000000000000000000000000000000000000000000000000000000000000000000
pp_0039 755.0 855.0 1 1.00000000000000000000000000000000000000000000000000000000000000000000
pp_0040 855.0 855.0 1 1.00000000000000000000000000000000000000000000000000000000000000000000
pp_0041 955.0 855.0 1 1.00000000000000000000000000000000000000000000000000000000000000000000
pp_0042 1055.0 855.0 1 1.000000000000000000000000000000000000000000000000000000000000000000000
pp_0043 1155.0 855.0 1 1.000000000000000000000000000000000000000000000000000000000000000000000
pp_0044 1255.0 855.0 1 1.000000000000000000000000000000000000000000000000000000000000000000000
pp_0045 1355.0 855.0 1 1.000000000000000000000000000000000000000000000000000000000000000000000
pp_0046 1455.0 855.0 1 1.000000000000000000000000000000000000000000000000000000000000000000000
pp_0047 155.0 755.0 1 1.00000000000000000000000000000000000000000000000000000000000000000000
pp_0048 255.0 755.0 1 1.00000000000000000000000000000000000000000000000000000000000000000000
pp_0049 355.0 755.0 1 1.00000000000000000000000000000000000000000000000000000000000000000000
pp_0050 455.0 755.0 1 1.00000000000000000000000000000000000000000000000000000000000000000000
pp_0051 555.0 755.0 1 1.00000000000000000000000000000000000000000000000000000000000000000000
pp_0052 655.0 755.0 1 1.00000000000000000000000000000000000000000000000000000000000000000000
pp_0053 755.0 755.0 1 1.00000000000000000000000000000000000000000000000000000000000000000000
pp_0054 855.0 755.0 1 1.00000000000000000000000000000000000000000000000000000000000000000000
pp_0055 955.0 755.0 1 1.00000000000000000000000000000000000000000000000000000000000000000000
pp_0056 1055.0 755.0 1 1.000000000000000000000000000000000000000000000000000000000000000000000
pp_0057 1455.0 755.0 1 1.000000000000000000000000000000000000000000000000000000000000000000000
pp_0058 155.0 655.0 1 1.00000000000000000000000000000000000000000000000000000000000000000000
pp_0059 255.0 655.0 1 1.00000000000000000000000000000000000000000000000000000000000000000000
pp_0060 355.0 655.0 1 1.00000000000000000000000000000000000000000000000000000000000000000000
pp_0061 455.0 655.0 1 1.00000000000000000000000000000000000000000000000000000000000000000000
pp_0062 555.0 655.0 1 1.00000000000000000000000000000000000000000000000000000000000000000000
pp_0063 655.0 655.0 1 1.00000000000000000000000000000000000000000000000000000000000000000000
pp_0064 755.0 655.0 1 1.00000000000000000000000000000000000000000000000000000000000000000000
pp_0065 855.0 655.0 1 1.00000000000000000000000000000000000000000000000000000000000000000000
pp_0066 955.0 655.0 1 1.00000000000000000000000000000000000000000000000000000000000000000000
pp_0067 55.0 555.0 1 1.0000000000000000000000000000000000000000000000000000000000000000000
pp_0068 155.0 555.0 1 1.00000000000000000000000000000000000000000000000000000000000000000000
pp_0069 255.0 555.0 1 1.00000000000000000000000000000000000000000000000000000000000000000000
pp_0070 355.0 555.0 1 1.00000000000000000000000000000000000000000000000000000000000000000000
pp_0071 455.0 555.0 1 1.00000000000000000000000000000000000000000000000000000000000000000000
pp_0072 555.0 555.0 1 1.00000000000000000000000000000000000000000000000000000000000000000000
pp_0073 655.0 555.0 1 1.00000000000000000000000000000000000000000000000000000000000000000000
pp_0074 755.0 555.0 1 1.00000000000000000000000000000000000000000000000000000000000000000000
pp_0075 855.0 555.0 1 1.00000000000000000000000000000000000000000000000000000000000000000000
pp_0076 955.0 555.0 1 1.00000000000000000000000000000000000000000000000000000000000000000000
pp_0077 55.0 455.0 1 1.0000000000000000000000000000000000000000000000000000000000000000000
pp_0078 155.0 455.0 1 1.00000000000000000000000000000000000000000000000000000000000000000000
pp_0079 255.0 455.0 1 1.00000000000000000000000000000000000000000000000000000000000000000000
pp_0080 355.0 455.0 1 1.00000000000000000000000000000000000000000000000000000000000000000000
pp_0081 455.0 455.0 1 1.00000000000000000000000000000000000000000000000000000000000000000000
pp_0082 555.0 455.0 1 1.00000000000000000000000000000000000000000000000000000000000000000000
pp_0083 755.0 455.0 1 1.00000000000000000000000000000000000000000000000000000000000000000000
pp_0084 855.0 455.0 1 1.00000000000000000000000000000000000000000000000000000000000000000000
pp_0085 955.0 455.0 1 1.00000000000000000000000000000000000000000000000000000000000000000000
pp_0086 55.0 355.0 1 1.0000000000000000000000000000000000000000000000000000000000000000000
pp_0087 155.0 355.0 1 1.00000000000000000000000000000000000000000000000000000000000000000000
pp_0088 255.0 355.0 1 1.00000000000000000000000000000000000000000000000000000000000000000000
pp_0089 955.0 355.0 1 1.00000000000000000000000000000000000000000000000000000000000000000000
pp_0090 55.0 255.0 1 1.0000000000000000000000000000000000000000000000000000000000000000000
pp_0091 955.0 255.0 1 1.00000000000000000000000000000000000000000000000000000000000000000000
